 Temperature(C)
(381 2)
Time (sec)	P1	
  0.0000000000000000	 20.0000000000000000
  0.0000040000000000	 26.6302552583144630
  0.0000068088471116	 32.8108081827222830
  0.0000108088471116	 40.5672687783721530
  0.0000148088471116	 50.5045213294039570
  0.0000188088471116	 60.4248374782673000
  0.0000228088471116	 67.1532055472370220
  0.0000255088988988	 69.9786040026855570
  0.0000295088988988	 77.0568796112479080
  0.0000335088988988	 83.5085480722228370
  0.0000366623440759	 86.2243658714338750
  0.0000406623440759	 92.9253605151141780
  0.0000440589756065	 99.0102532836142190
  0.0000480589756065	103.5187563089103400
  0.0000520589756065	107.5932028063490300
  0.0000560589756065	111.6614681359809300
  0.0000600231434262	115.4228988292506700
  0.0000600231434262	115.4228988292490400
  0.0000640231434262	118.8023216172882400
  0.0000674445088217	119.9799764924103900
  0.0000714445088217	122.0136496596253600
  0.0000754445088217	121.2331967283561300
  0.0000794445088217	125.7024112641337200
  0.0000834445088217	129.5408505585144800
  0.0000851269710329	131.4947471595762100
  0.0000891269710329	132.6729216064356900
  0.0000931269710329	135.4076019726965700
  0.0000962966009623	136.4106522867014600
  0.0001002966009623	136.4420759954969400
  0.0001042966009623	138.2652077393910900
  0.0001062215091232	139.4899788608779300
  0.0001102215091232	141.2906716697413600
  0.0001142215091232	141.4598873514888700
  0.0001182215091232	140.6415310134175300
  0.0001222215091232	140.5829487482777200
  0.0001262215091232	141.5271968621613600
  0.0001302215091232	144.1349497636689700
  0.0001322761624150	145.8208596811791400
  0.0001362761624150	147.2894065130869000
  0.0001402761624150	150.1673088681441800
  0.0001438798977827	150.4097207323998200
  0.0001478798977827	148.1138870129797700
  0.0001495486380162	148.5883338244026100
  0.0001535486380162	149.0538369886649500
  0.0001575486380162	148.4578038826882400
  0.0001615486380162	148.6603590134137100
  0.0001633742273391	148.8978438882585100
  0.0001673742273391	151.3189421214352100
  0.0001713742273391	154.3586082370067300
  0.0001730113092047	155.0276824560485800
  0.0001770113092047	158.0192676925405000
  0.0001810113092047	160.7376697705366800
  0.0001829005214019	162.2837418361377500
  0.0001869005214019	164.4135200302305300
  0.0001909005214019	167.6169559894154000
  0.0001924486715116	167.8869403053215000
  0.0001964486715116	170.6552621829750900
  0.0001995096378670	171.3859306561257400
  0.0002035096378670	173.8211570716376000
  0.0002075096378670	173.4400915274771600
  0.0002115096378670	176.4418271482910000
  0.0002155096378670	181.3744640881475000
  0.0002169245978265	183.4422909228621000
  0.0002209245978265	186.5926618024145700
  0.0002249245978265	190.5116058786530600
  0.0002285281149417	193.3053115992593700
  0.0002325281149417	195.5018736478221800
  0.0002350609110770	196.8502662527310700
  0.0002390609110770	199.1046245950573200
  0.0002430609110770	201.3302004873401400
  0.0002470609110770	202.4305756554246300
  0.0002486834263107	201.4173994492205100
  0.0002526834263107	197.5080258763271400
  0.0002541221421239	196.0858423545522800
  0.0002581221421239	197.0024157631192500
  0.0002621221421239	202.5499263398215500
  0.0002661221421239	203.6290552235973300
  0.0002701221421239	204.5473461697622200
  0.0002729290539777	205.6142346711594100
  0.0002769290539777	206.4604397761934000
  0.0002809290539777	209.5139405487122100
  0.0002849290539777	212.1616824226738900
  0.0002862928270713	212.7324216061934100
  0.0002902928270713	215.6931386186421900
  0.0002942928270713	218.5563649785249000
  0.0002955855484835	218.7955753115652700
  0.0002995855484835	220.2449363317589600
  0.0003035855484835	222.3742951062648400
  0.0003050213326367	223.2345493724385500
  0.0003090213326367	225.3994153856260400
  0.0003130213326367	227.7379203875850100
  0.0003166264994634	230.0840991100853900
  0.0003206264994634	231.6444837132673100
  0.0003246264994634	232.6528244132464400
  0.0003286264994634	234.8553247213327500
  0.0003299112487281	235.6688578988805300
  0.0003339112487281	236.5739183693106300
  0.0003379112487281	239.1645229754689400
  0.0003419112487281	242.9292293435991900
  0.0003433595575959	244.6562638456951200
  0.0003473595575959	246.5287824011265100
  0.0003494158354204	247.6763799357197500
  0.0003534158354204	246.1241441055829600
  0.0003574158354204	247.3915958342575400
  0.0003614158354204	244.0223236222982500
  0.0003654158354204	241.1259342810169500
  0.0003669023095627	239.8534926823847700
  0.0003701616463174	237.5985193992407000
  0.0003713478514624	236.3330529831184800
  0.0003722578119281	235.3376644367369000
  0.0003745834628794	233.5270639233040100
  0.0003757269958349	232.1918251165742500
  0.0003764443881144	231.4229158749238900
  0.0003779393123709	230.9790693605269800
  0.0003789168748804	229.8265971868026200
  0.0003799955926077	228.7032457925078600
  0.0003800180416326	228.6815389694338000
  0.0003816723569447	227.2425827506165800
  0.0003820871831945	226.9406070093684500
  0.0003829177922082	226.3750899060199200
  0.0003835398454697	226.3060463263022900
  0.0003843172755529	226.2218160790966700
  0.0003851702376253	225.7759101584686300
  0.0003891702376253	229.9086304563208500
  0.0003903133921753	230.7270462438952400
  0.0003943133921753	233.8824237562582800
  0.0003981151475542	236.8194758386522400
  0.0004021151475542	240.2440635023453100
  0.0004035392027973	241.0083722345355900
  0.0004075392027973	242.8351378497601200
  0.0004089066884822	243.4285049772475400
  0.0004129066884822	244.6520291111579900
  0.0004156661822855	245.9212832308221600
  0.0004196661822855	247.1326695349565100
  0.0004211855535940	247.9849335392181600
  0.0004251254666142	249.3121997379473100
  0.0004291254666142	249.2388779259200400
  0.0004317565712489	249.3338565067171000
  0.0004356531848681	251.3578822908926600
  0.0004396531848681	251.0040387164635300
  0.0004409958438988	251.3194809472921300
  0.0004449958438988	251.1281873700620500
  0.0004478167213660	251.8870152022558700
  0.0004518167213660	252.9729655537845800
  0.0004532752605235	253.7607486290032700
  0.0004572752605235	253.8480027375333100
  0.0004597388696076	252.4311664536057500
  0.0004610526353809	251.2051119279746000
  0.0004623078698971	250.0616658758924300
  0.0004635946132086	248.8675273794716800
  0.0004649383898495	247.6045508279203800
  0.0004649398552249	247.6034786323303900
  0.0004659585382162	247.4688092408870800
  0.0004659588741206	247.4684961247296800
  0.0004681170273852	248.0406435460490700
  0.0004704134049968	246.9286514699367700
  0.0004714967132168	246.2229520381758100
  0.0004726950017697	245.4703805926587300
  0.0004726950017697	245.4703805926497500
  0.0004736965710835	245.3581551703405800
  0.0004747981669582	244.4293291247121300
  0.0004759365839545	243.5593698508964200
  0.0004772940041028	242.5817844141259100
  0.0004781796216955	242.0210194125678500
  0.0004794545841323	241.9556271143308400
  0.0004806407196992	241.8863790408335000
  0.0004812637223388	241.9771099608696000
  0.0004824334296904	241.7559142793882600
  0.0004832972692920	241.6951293933548800
  0.0004846000584524	241.6014992610300000
  0.0004858357532861	241.4350580615564800
  0.0004870506199663	241.2734969894646000
  0.0004884036594623	240.9150883660833800
  0.0004895481716349	240.4837501279124900
  0.0004909719878797	240.3012376494591300
  0.0004921695740648	240.2555432066536100
  0.0004933584293287	239.8582408499700600
  0.0004943576784093	239.1077286637591900
  0.0004955070984843	238.9231759338241300
  0.0004966369917691	238.3822339199330700
  0.0004966372148514	238.3820956008079900
  0.0004977978637343	238.5965965550310600
  0.0004991182513182	238.4215987068430100
  0.0004998603827155	238.5548033026264800
  0.0005011932651046	238.7230651770042000
  0.0005019231969221	238.8060704082717800
  0.0005030684721367	238.9893202257792100
  0.0005041014122889	238.8592685102942400
  0.0005052509199669	238.3147071295426800
  0.0005052509199669	238.3147071295398100
  0.0005052509199669	238.3147071295389900
  0.0005064617253159	237.6711793857959400
  0.0005067856264190	237.4698240003810100
  0.0005067856264190	237.4698240003712900
  0.0005078529043390	236.7015150131810500
  0.0005079353181250	236.6442602116035800
  0.0005101734834572	235.1412637712237500
  0.0005125262726745	234.2048050414354300
  0.0005131699934038	233.7053430913499300
  0.0005138270724790	233.2313207775413000
  0.0005149438721548	232.0855176958124000
  0.0005150086892936	232.0175450108960400
  0.0005160328872938	230.8865340738649100
  0.0005177336093509	228.7522395590779400
  0.0005191191807645	227.7105683739744700
  0.0005202315469510	226.3664394022351900
  0.0005230268354836	225.6082309500461100
  0.0005251548078431	223.2488906154721900
  0.0005261677594634	222.6772502394476000
  0.0005284501081686	221.4047861703728300
  0.0005301062300439	220.2276822100340600
  0.0005319313832183	218.5123540216630700
  0.0005346650386465	217.4720887567980900
  0.0005355481198921	216.7055028481481700
  0.0005385487177011	213.7011385777188400
  0.0005397671336693	212.4855526586588600
  0.0005413661343462	212.2868184781181900
  0.0005442513391120	210.7551557748830900
  0.0005448733036757	210.4281551500321500
  0.0005473754418494	208.8474838021690800
  0.0005482401391680	208.2673694418287200
  0.0005491979498611	207.7251536399954300
  0.0005500683871313	206.9494660971125200
  0.0005510002903145	206.8655975584109700
  0.0005520190502897	208.6124337129658700
  0.0005524080832579	208.2496689430708200
  0.0005531448472516	207.5588748880253100
  0.0005536919747625	207.2794446749308000
  0.0005543401111096	206.7674698093861100
  0.0005547961003513	206.4550366053747400
  0.0005558070886656	206.9698182335449700
  0.0005564770071845	206.4900349270612600
  0.0005575116803506	207.6708002713352200
  0.0005581389047449	207.1480408667465000
  0.0005591219566021	208.3181852721181100
  0.0005597110970164	208.1344284280598900
  0.0005637110970164	211.4307482093867300
  0.0005660726037615	213.2996178525284800
  0.0005700726037615	216.8474582727980400
  0.0005740726037615	219.7491552865408000
  0.0005755919616293	219.6975226579976400
  0.0005785905007005	219.2702367986450400
  0.0005825905007005	220.1878632284814000
  0.0005846944000588	221.4872385684008700
  0.0005886944000588	224.2778164169342000
  0.0005897238134352	225.2098104453068900
  0.0005937096821462	226.8421930805487800
  0.0005966668874932	228.5918024078984800
  0.0006006668874932	230.1569495117490500
  0.0006046668874932	232.4667959470724000
  0.0006055862073109	232.5338142981562400
  0.0006095862073109	232.9988973746028800
  0.0006104983443121	233.4895838961735400
  0.0006144983443121	234.5063033700745100
  0.0006152491062429	234.2967477989348900
  0.0006188907154090	232.6276881857395700
  0.0006228907154090	230.7259635784048400
  0.0006242265721552	230.3673534440990000
  0.0006260753291276	229.9423742175636400
  0.0006300753291276	230.2963636279421600
  0.0006340753291276	232.2370150658311700
  0.0006380753291276	233.4980954406709900
  0.0006390305465541	233.5869919964465600
  0.0006430305465541	234.4285335448458100
  0.0006470305465541	235.8216460996662000
  0.0006478962427395	235.5190053926463300
  0.0006518962427395	235.3740687100983600
  0.0006528896022878	235.6575678451635300
  0.0006568896022878	236.4909343442808200
  0.0006580231098815	236.9784419685390400
  0.0006620231098815	238.1388547627604500
  0.0006660231098815	238.2118184099230100
  0.0006671385318357	238.3151096102680000
  0.0006711385318357	236.8666965764602700
  0.0006751385318357	237.6954933149033900
  0.0006791385318357	238.7093159751796300
  0.0006800105824017	239.2108639175658300
  0.0006840105824017	240.5613781274902000
  0.0006848704379065	241.0405713030669700
  0.0006888704379065	241.4774045759523300
  0.0006896526977125	240.8155579847435200
  0.0006936526977125	236.9226188016848200
  0.0006944609281318	236.4577070559761000
  0.0006984609281318	235.6233086724140800
  0.0007024609281318	237.7123325654632100
  0.0007045635420123	238.9984468799480300
  0.0007060175548445	238.6260173173719500
  0.0007100175548445	237.1567638625379300
  0.0007108171494556	236.5529538092613400
  0.0007148171494556	233.6849540000129900
  0.0007157798840283	233.2972735635179300
  0.0007180132972391	232.1754072542721900
  0.0007220132972391	231.4306900946610900
  0.0007229342105724	231.1256774225294900
  0.0007269342105724	229.6454832106605000
  0.0007309342105724	228.7207441757436800
  0.0007349342105724	229.5236941810319100
  0.0007355799281933	229.2169275854616300
  0.0007385801267841	226.8731096169465500
  0.0007401206278643	225.4343712267389600
  0.0007428638106102	221.9574013527209200
  0.0007452292370535	221.3580686103914800
  0.0007471676265396	221.7989100362249000
  0.0007508611391803	223.6232723721303200
  0.0007548611391803	224.7216141574511100
  0.0007588611391803	225.9499306600405900
  0.0007597693584435	226.3836535226788000
  0.0007610592391008	226.6247611703544700
  0.0007650592391008	225.4674385938206200
  0.0007679507032887	224.4672907995302500
  0.0007719507032887	224.9188502869387800
  0.0007759507032887	226.5711190259601700
  0.0007768661339140	225.8324266384662700
  0.0007797684899014	223.2929863886887500
  0.0007803760009934	222.7102297875436500
  0.0007812548131298	221.5740210692763700
  0.0007822022501693	221.2338134876629600
  0.0007862022501693	219.0229852565314300
  0.0007869614214594	218.6166507686504900
  0.0007909614214594	215.6821822990971200
  0.0007915654082417	215.3009561619417700
  0.0007946477656920	211.8227702130522800
  0.0007961636894197	211.4666442725842000
  0.0008001636894197	210.4228462031433900
  0.0008041636894197	210.3871516339232800
  0.0008081636894197	212.1634827415561500
  0.0008100161067087	213.7197499337854100
  0.0008140161067087	215.4490289278806800
  0.0008159084249187	216.5229048411398800
  0.0008199084249187	218.0275072649341200
  0.0008207476282624	218.4919527586466200
  0.0008247476282624	216.8603468928508600
  0.0008287476282624	216.0533538414956100
  0.0008327476282624	214.6608295142330000
  0.0008367476282624	212.7791892761092100
  0.0008391644653065	213.0430472802005700
  0.0008431644653065	211.4656968280821400
  0.0008471644653065	208.5623697533258400
  0.0008511644653065	209.6542344700874300
  0.0008544948075537	212.5149960706467000
  0.0008584948075537	210.4259716836205300
  0.0008624948075537	209.0091473271175700
  0.0008664948075537	208.3219090628701100
  0.0008698314535670	210.4542579661094000
  0.0008738314535670	211.1061247325627600
  0.0008758658747553	210.4853604562318900
  0.0008798658747553	208.3165890373615200
  0.0008806838820607	207.9253198912910200
  0.0008846838820607	207.0890826217385600
  0.0008859742237160	207.5171347424449100
  0.0008899742237160	207.8904932885241700
  0.0008931112298018	209.0142843254107600
  0.0008971112298018	209.4629793319273300
  0.0008980484101261	209.6571144994114800
  0.0009020484101261	208.7240442690778900
  0.0009053881546817	206.5661176588693300
  0.0009093881546817	204.2761161074669800
  0.0009103753489505	203.5915571112022900
  0.0009128780972731	201.2822931941857100
  0.0009154692249951	198.9935171681491700
  0.0009194632992450	198.7404008895572600
  0.0009221090016227	196.3135447165800000
  0.0009246270716466	194.2331204378050700
  0.0009270935728014	193.1478021487830000
  0.0009295509550147	192.2118167734308800
  0.0009320791964777	190.2246272179554300
  0.0009355950161029	187.5457498123357400
  0.0009395950161029	188.4000251468679600
  0.0009412832983411	189.7648587414450400
  0.0009439444120266	189.5971304516274600
  0.0009479444120300	188.8798366043384100
  0.0009519444120300	190.3184119833558400
  0.0009540552230246	191.8134570677131000
  0.0009580552230246	193.5095565896904200
  0.0009589072605867	193.8704932954623200
  0.0009629072605867	195.4410850506062600
  0.0009638412680237	195.7890327854334200
  0.0009658434933770	194.9234589688499900
  0.0009698434933770	196.2656026171748400
  0.0009710326145267	196.5913065949270000
  0.0009748786193882	195.4268315455114200
