Title not available
(1001 2)
Time (sec)	P1	
  0.0000000000000000	 20.0000000000000000
  0.0000001632580000	 20.0000471277898020
  0.0000003265160000	 20.0001883702661620
  0.0000004897740000	 20.0004533462503780
  0.0000006530320000	 20.0008698617058410
  0.0000008162900000	 20.0014675880144320
  0.0000009795480000	 20.0022776617000810
  0.0000011428060000	 20.0033321245578610
  0.0000013060640000	 20.0043521284491950
  0.0000014693220000	 20.0056468915511940
  0.0000016325800000	 20.0093141699069610
  0.0000017958380000	 20.0191631443960850
  0.0000019590960000	 20.0205400875856830
  0.0000021223540000	 20.0220566854161990
  0.0000022856120000	 20.0237194465960190
  0.0000024488700000	 20.0908498249646890
  0.0000026121280000	 20.2159211350623020
  0.0000027753860000	 20.3464770841096230
  0.0000029386440000	 20.5003518606100310
  0.0000031019020000	 20.6997726537679580
  0.0000032651600000	 20.9525808247841000
  0.0000034284180000	 21.2633459325337030
  0.0000035916760000	 21.6321801577647790
  0.0000037549340000	 22.7057507806930840
  0.0000039181920000	 24.1444095986663890
  0.0000040814500000	 25.7631283665814050
  0.0000042447080000	 27.9455482555305290
  0.0000044079660000	 30.3444404414566690
  0.0000045712240000	 32.0484692346704280
  0.0000047344820000	 34.6416542783147750
  0.0000048977400000	 37.5309216660534300
  0.0000050609980000	 40.5838383830563170
  0.0000052242560000	 43.8387497604601320
  0.0000053875140000	 47.3256778780672530
  0.0000055507720000	 50.9641371506655860
  0.0000057140300000	 54.1886268415583600
  0.0000058772880000	 57.3557372417820020
  0.0000060405460000	 60.6114920500427700
  0.0000062038040000	 61.8135558043001650
  0.0000063670620000	 63.3709607910466990
  0.0000065303200000	 64.8764375484855980
  0.0000066935780000	 66.3630162984981950
  0.0000068568360000	 67.8479702144487790
  0.0000070200940000	 70.2208219160247040
  0.0000071833520000	 72.8851863364754140
  0.0000073466100000	 75.5713052499615400
  0.0000075098680000	 78.3561228397199440
  0.0000076731260000	 80.0237145731661310
  0.0000078363840000	 82.2708354649883380
  0.0000079996420000	 84.4760777479593940
  0.0000081629000000	 86.6656494769685540
  0.0000083261580000	 89.3408204683627640
  0.0000084894160000	 92.2277701075372680
  0.0000086526740000	 95.0836496105035990
  0.0000088159320000	 97.8577223701140180
  0.0000089791900000	100.5174089144775700
  0.0000091424480000	103.0960604331724800
  0.0000093057060000	105.6300918592271800
  0.0000094689640000	108.1390422438092900
  0.0000096322220000	109.9123284392840100
  0.0000097954800000	112.3310569394140700
  0.0000099587380000	114.7200982389185800
  0.0000101219960000	117.1991807257903100
  0.0000102852540000	119.6850261772223700
  0.0000104485120000	122.1617578482881000
  0.0000106117700000	124.6580062546106300
  0.0000107750280000	127.1546919502543900
  0.0000109382860000	129.6689840778048200
  0.0000111015440000	132.1839017895966900
  0.0000112648020000	134.6257652948808100
  0.0000114280600000	137.0503788085341100
  0.0000115913180000	139.8108729014862200
  0.0000117545760000	142.8218399617864500
  0.0000119178340000	145.9056294027332100
  0.0000120810920000	147.7239886742447400
  0.0000122443500000	150.1817109327054700
  0.0000124076080000	152.6879623523184100
  0.0000125708660000	155.2279039539961300
  0.0000127341240000	157.7575344345664200
  0.0000128973820000	160.2317872243088200
  0.0000130606400000	162.6647252819953700
  0.0000132238980000	165.0823116950572600
  0.0000133871560000	167.4887107474290200
  0.0000135504140000	169.8929908403283400
  0.0000137136720000	172.3832721896797000
  0.0000138769300000	175.3916442831526600
  0.0000140401880000	178.6076489538513400
  0.0000142034460000	181.9744142750181800
  0.0000143667040000	183.4333806332072600
  0.0000145299620000	185.3683654265547300
  0.0000146932200000	187.6227701093630700
  0.0000148564780000	190.0325054288816200
  0.0000150197360000	192.4386505308006900
  0.0000151829940000	194.8216917748356100
  0.0000153462520000	197.2490379947011800
  0.0000155095100000	199.6959208100299700
  0.0000156727680000	202.1101520623981900
  0.0000158360260000	204.6317758725556400
  0.0000159992840000	207.2315610521034700
  0.0000161625420000	209.8682134137487500
  0.0000163258000000	212.5705045808000500
  0.0000164890580000	215.3542526556636900
  0.0000166523160000	218.2250897094101600
  0.0000168155740000	220.9337013276774500
  0.0000169788320000	222.5424784500189600
  0.0000171420900000	224.7783021278174000
  0.0000173053480000	227.0483939192092200
  0.0000174686060000	229.3135883570635100
  0.0000176318640000	231.5540770000093900
  0.0000177951220000	233.8186809380390200
  0.0000179583800000	236.1396173233781300
  0.0000181216380000	238.4835662800942100
  0.0000182848960000	240.8588351011476900
  0.0000184481540000	243.2804370492761200
  0.0000186114120000	245.7008473170006900
  0.0000187746700000	248.1014322048054900
  0.0000189379280000	250.4255349665488400
  0.0000191011860000	252.7468273939927300
  0.0000192644440000	255.1041869469416400
  0.0000194277020000	257.4564673952036700
  0.0000195909600000	259.8174989128885400
  0.0000197542180000	260.8726784350705500
  0.0000199174760000	262.3531793017986000
  0.0000200807340000	263.8511902871210900
  0.0000202439920000	265.3678443669007300
  0.0000204072500000	266.8974124064034200
  0.0000205705080000	268.4440405627453300
  0.0000207337660000	269.9914093909581500
  0.0000208970240000	271.5449085817727500
  0.0000210602820000	273.1173493216786000
  0.0000212235400000	274.7162050143823500
  0.0000213867980000	276.6204919970186300
  0.0000215500560000	278.6758706710030000
  0.0000217133140000	280.7340888010888300
  0.0000218765720000	282.7369445891076800
  0.0000220398300000	284.7436926303297500
  0.0000222030880000	286.9149730215413000
  0.0000223663460000	289.2730301592281400
  0.0000225296040000	291.7204281950043900
  0.0000226928620000	294.2155515219047300
  0.0000228561200000	296.7455655779957600
  0.0000230193780000	299.2956319887840100
  0.0000231826360000	301.7516677174167500
  0.0000233458940000	304.1738621353206300
  0.0000235091520000	305.2462466076431700
  0.0000236724100000	306.7823049259284900
  0.0000238356680000	308.5261536484094300
  0.0000239989260000	310.3811662590945300
  0.0000241621840000	312.2537019086360000
  0.0000243254420000	314.1056127946664600
  0.0000244887000000	315.9385680636807500
  0.0000246519580000	317.8564713041437800
  0.0000248152160000	319.8758794511587100
  0.0000249784740000	321.9255300797546500
  0.0000251417320000	324.0033706562859400
  0.0000253049900000	325.9943997091119200
  0.0000254682480000	327.9051106349699600
  0.0000256315060000	329.7702251739834200
  0.0000257947640000	331.6125938437846200
  0.0000259580220000	333.2181973155550700
  0.0000261212800000	335.0836713247927600
  0.0000262845380000	337.0140147151707900
  0.0000264477960000	338.1142368170373500
  0.0000266110540000	339.6806149601707700
  0.0000267743120000	341.2623165664894600
  0.0000269375700000	342.8556886852954900
  0.0000271008280000	344.4796560224097000
  0.0000272640860000	346.1207003691497400
  0.0000274273440000	347.7586498731207600
  0.0000275906020000	349.3927292004181000
  0.0000277538600000	351.0304415805290400
  0.0000279171180000	352.6765203048240100
  0.0000280803760000	354.3421815080562900
  0.0000282436340000	356.0551008922957400
  0.0000284068920000	356.9042938041732200
  0.0000285701500000	358.1582542762153600
  0.0000287334080000	359.4075837534971900
  0.0000288966660000	360.6149490498019600
  0.0000290599240000	361.8550639766452800
  0.0000292231820000	363.1219051111467600
  0.0000293864400000	364.4073174474857500
  0.0000295496980000	365.6742155725974600
  0.0000297129560000	366.9483614365878500
  0.0000298762140000	368.2685302290766500
  0.0000300394720000	369.6341869665095000
  0.0000302027300000	371.0126278769874900
  0.0000303659880000	372.4049986414065600
  0.0000305292460000	373.4764613104458100
  0.0000306925040000	375.0742528050884600
  0.0000308557620000	376.7533413863360500
  0.0000310190200000	378.4809267191073400
  0.0000311822780000	380.2266528805560600
  0.0000313455360000	381.9982134988017600
  0.0000315087940000	383.7682369391960200
  0.0000316720520000	385.5408765515704800
  0.0000318353100000	387.3483680018209200
  0.0000319985680000	389.1669310278990100
  0.0000321618260000	391.0516446917326900
  0.0000323250840000	393.0031683974863800
  0.0000324883420000	394.9895957357388200
  0.0000326516000000	397.0630789308376600
  0.0000328148580000	399.2054532577479900
  0.0000329781160000	401.4383587551726000
  0.0000331413740000	403.6419127613407900
  0.0000333046320000	404.4450107234961800
  0.0000334678900000	405.6672407240377500
  0.0000336311480000	406.9188696264544700
  0.0000337944060000	408.1895757312595900
  0.0000339576640000	409.3583265488820800
  0.0000341209220000	410.5884141727478900
  0.0000342841800000	411.8450113648922300
  0.0000344474380000	413.0969465279566700
  0.0000346106960000	414.3931654168371800
  0.0000347739540000	415.7105903629224000
  0.0000349372120000	416.5464455300996200
  0.0000351004700000	417.7282259641179400
  0.0000352637280000	418.9193460827068000
  0.0000354269860000	420.1472345069964800
  0.0000355902440000	421.3986705546922200
  0.0000357535020000	422.4902161912955300
  0.0000359167600000	423.5843036170302300
  0.0000360800180000	424.4757727000090300
  0.0000362432760000	425.5780521980794300
  0.0000364065340000	427.1484543406639300
  0.0000365697920000	428.7117280725758000
  0.0000367330500000	430.2890567714273400
  0.0000368963080000	431.8717980758939300
  0.0000370595660000	433.4396534759038100
  0.0000372228240000	434.9820795117887500
  0.0000373860820000	436.5148183281764900
  0.0000375493400000	438.0235100052480600
  0.0000377125980000	439.5273886428835200
  0.0000378758560000	441.0296659421363200
  0.0000380391140000	442.7282593288151700
  0.0000382023720000	444.4962227404332700
  0.0000383656300000	446.2510169017629100
  0.0000385288880000	447.9874376025985600
  0.0000386921460000	448.7382858284348100
  0.0000388554040000	449.9084425471182800
  0.0000390186620000	451.1333689594307000
  0.0000391819200000	452.3776032132083200
  0.0000393451780000	453.6388357054876200
  0.0000395084360000	454.9195797837279000
  0.0000396716940000	455.8073935995327000
  0.0000398349520000	457.2602640423211800
  0.0000399982100000	458.7985363424889400
  0.0000401614680000	460.3403503019617300
  0.0000403247260000	461.8469998925817200
  0.0000404879840000	463.3679604503393500
  0.0000406512420000	464.8748498298544400
  0.0000408145000000	466.2856628265568600
  0.0000409777580000	467.6748638020037600
  0.0000411410160000	469.0385407214195100
  0.0000413042740000	470.2023848722412800
  0.0000414675320000	471.8531001412254700
  0.0000416307900000	473.5119119324908800
  0.0000417940480000	475.1770660549883600
  0.0000419573060000	476.4205517765454400
  0.0000421205640000	477.6368016398548700
  0.0000422838220000	479.3968280995094300
  0.0000424470800000	481.1673744519296700
  0.0000426103380000	482.9640625021044700
  0.0000427735960000	484.7736519058013900
  0.0000429368540000	486.6481589802030500
  0.0000431001120000	488.6683000697457800
  0.0000432633700000	490.9201457036624000
  0.0000434266280000	493.2880784061271100
  0.0000435898860000	495.6865564577337300
  0.0000437531440000	498.1615044067430600
  0.0000439164020000	500.8693257089998400
  0.0000440796600000	502.0263745536399800
  0.0000442429180000	503.7241970182045100
  0.0000444061760000	505.4065627106215900
  0.0000445694340000	507.1080491760499700
  0.0000447326920000	508.8590229808991700
  0.0000448959500000	510.7377790292748600
  0.0000450592080000	512.6739306946107000
  0.0000452224660000	514.6178616389468100
  0.0000453857240000	516.6141922496464100
  0.0000455489820000	518.6668316006969200
  0.0000457122400000	520.6606593933677200
  0.0000458754980000	522.6324772842136800
  0.0000460387560000	524.3358587411140700
  0.0000462020140000	525.9692400942489000
  0.0000463652720000	526.9084405023845600
  0.0000465285300000	528.3165844444797600
  0.0000466917880000	529.7468654565860800
  0.0000468550460000	531.1947470885378400
  0.0000470183040000	532.6891851650425500
  0.0000471815620000	534.2413206351438900
  0.0000473448200000	535.8371550162147500
  0.0000475080780000	537.4070301929957600
  0.0000476713360000	538.9807666053876600
  0.0000478345940000	540.4647067901893300
  0.0000479978520000	541.9274095122519800
  0.0000481611100000	543.3840071103770700
  0.0000483243680000	544.2009341103276900
  0.0000484876260000	545.3927266232325300
  0.0000486508840000	546.5970229557000300
  0.0000488141420000	547.8196035880636100
  0.0000489774000000	549.0777754512774900
  0.0000491406580000	550.3087259495008500
  0.0000493039160000	551.5504862082599400
  0.0000494671740000	552.7612612197657400
  0.0000496304320000	553.9443608628079100
  0.0000497936900000	555.1318466282135700
  0.0000499569480000	556.1898353849850300
  0.0000501202060000	557.8062231124743000
  0.0000502834640000	559.6036449979176300
  0.0000504467220000	561.5007602267791100
  0.0000506099800000	563.4381051292314200
  0.0000507732380000	565.3908016791424400
  0.0000509364960000	567.3523754942293600
  0.0000510997540000	569.3476973301804900
  0.0000512630120000	571.3470858734199300
  0.0000514262700000	573.3891083086143700
  0.0000515895280000	575.6036290890451700
  0.0000517527860000	577.9469211043182200
  0.0000519160440000	580.3629768449468400
  0.0000520793020000	582.8209245382069000
  0.0000522425600000	583.9282913996321400
  0.0000524058180000	585.5700901323712100
  0.0000525690760000	587.1852295712069500
  0.0000527323340000	588.7343723620206200
  0.0000528955920000	590.2178452406107000
  0.0000530588500000	591.6575317415521300
  0.0000532221080000	593.0629263258035700
  0.0000533853660000	594.4948338074035500
  0.0000535486240000	595.9979283339699800
  0.0000537118820000	597.6624616228463100
  0.0000538751400000	599.4512018878513100
  0.0000540383980000	601.3428700592171500
  0.0000542016560000	603.2523360343815300
  0.0000543649140000	605.1385944076847600
  0.0000545281720000	606.9963945781763600
  0.0000546914300000	608.9038128499211100
  0.0000548546880000	610.9579312313990200
  0.0000550179460000	613.0842616586247700
  0.0000551812040000	615.2559779783659900
  0.0000553444620000	617.4280640580697100
  0.0000555077200000	619.5934779402146000
  0.0000556709780000	620.6152318586217700
  0.0000558342360000	622.2016739982792600
  0.0000559974940000	623.7695464075766300
  0.0000561607520000	625.3609493643556300
  0.0000563240100000	626.3236869856074200
  0.0000564872680000	627.3970396312995500
  0.0000566505260000	629.0457917256826500
  0.0000568137840000	630.6986469391994200
  0.0000569770420000	632.3420684026937100
  0.0000571403000000	634.0396470617556600
  0.0000573035580000	635.7674991553046800
  0.0000574668160000	637.5630142656730200
  0.0000576300740000	639.4235029144568900
  0.0000577933320000	641.3265567900981500
  0.0000579565900000	643.2299603959285200
  0.0000581198480000	645.1720818285771200
  0.0000582831060000	645.9001071974815900
  0.0000584463640000	647.0576647478076200
  0.0000586096220000	648.2208493537721100
  0.0000587728800000	649.3999513379271800
  0.0000589361380000	650.6096185082983500
  0.0000590993960000	651.8319722006617700
  0.0000592626540000	653.0379465626756400
  0.0000594259120000	653.8303193890145600
  0.0000595891700000	655.0166132374788500
  0.0000597524280000	656.1965930361558300
  0.0000599156860000	657.3559409979199000
  0.0000600789440000	658.5237126909756900
  0.0000602422020000	659.6732622910083100
  0.0000604054600000	660.4565460592439200
  0.0000605687180000	661.7257288603419700
  0.0000607319760000	663.0241851706319900
  0.0000608952340000	664.3499285347575100
  0.0000610584920000	665.6848553808233600
  0.0000612217500000	667.0262186890976200
  0.0000613850080000	668.4779639146039500
  0.0000615482660000	670.0408940327103000
  0.0000617115240000	670.9262772230936200
  0.0000618747820000	672.3100814628136300
  0.0000620380400000	673.7394300367328700
  0.0000622012980000	675.2137906131787300
  0.0000623645560000	676.6811144444802700
  0.0000625278140000	678.1133631029008500
  0.0000626910720000	679.4973875444602500
  0.0000628543300000	680.8775039713788100
  0.0000630175880000	682.3336078348512500
  0.0000631808460000	683.9117697257737500
  0.0000633441040000	685.5742965435907800
  0.0000635073620000	687.2662690588082300
  0.0000636706200000	688.9894826782989400
  0.0000638338780000	690.7186218082113100
  0.0000639971360000	691.8102517702535600
  0.0000641603940000	693.3669882367343000
  0.0000643236520000	695.0567931460735700
  0.0000644869100000	696.8936670182101800
  0.0000646501680000	698.8235930333303300
  0.0000648134260000	700.8098105546088200
  0.0000649766840000	702.8413844193791000
  0.0000651399420000	704.8773058080227000
  0.0000653032000000	706.7851879048820400
  0.0000654664580000	708.7251542979888700
  0.0000656297160000	710.7396474369119200
  0.0000657929740000	711.5091299346181600
  0.0000659562320000	712.7614462468030800
  0.0000661194900000	714.0570467336388000
  0.0000662827480000	715.3891042841147500
  0.0000664460060000	716.7448778363613000
  0.0000666092640000	718.2767240981953600
  0.0000667725220000	719.9281148667241700
  0.0000669357800000	721.6287250389191300
  0.0000670990380000	723.3490320590344700
  0.0000672622960000	724.0801815908799900
  0.0000674255540000	725.3232994129168700
  0.0000675888120000	726.6275051101671400
  0.0000677520700000	727.9176504450733800
  0.0000679153280000	729.1837739863585700
  0.0000680785860000	730.4383064420561600
  0.0000682418440000	731.7711884158142100
  0.0000684051020000	733.1608341177028500
  0.0000685683600000	734.6046050717917500
  0.0000687316180000	736.1025289573603900
  0.0000688948760000	737.7307604184890100
  0.0000690581340000	739.4802077534099000
  0.0000692213920000	741.3876280122385700
  0.0000693846500000	742.0348603619951300
  0.0000695479080000	743.1892431676274100
  0.0000697111660000	744.3704630938267400
  0.0000698744240000	745.5544360263577300
  0.0000700376820000	746.7471886942607900
  0.0000702009400000	747.9565627421006900
  0.0000703641980000	749.1352418769134800
  0.0000705274560000	750.2912894828848500
  0.0000706907140000	751.4358480089504200
  0.0000708539720000	752.5902049880976400
  0.0000710172300000	753.7863094758998800
  0.0000711804880000	755.0241353505538200
  0.0000713437460000	755.7716368516285000
  0.0000715070040000	757.0211278832292700
  0.0000716702620000	758.3597197164177700
  0.0000718335200000	759.7923530849863000
  0.0000719967780000	761.3075372811799800
  0.0000721600360000	762.8967046934254800
  0.0000723232940000	764.5978707261374400
  0.0000724865520000	766.3433385728207000
  0.0000726498100000	768.1495041201398000
  0.0000728130680000	770.0277387542611200
  0.0000729763260000	771.9393703543228200
  0.0000731395840000	773.9321566465920300
  0.0000733028420000	776.0316942759542400
  0.0000734661000000	778.2233430301369000
  0.0000736293580000	780.2126197161242100
  0.0000737926160000	782.0473856516596200
  0.0000739558740000	783.8645601031942100
  0.0000741191320000	784.8193890516163300
  0.0000742823900000	786.3393829267345200
  0.0000744456480000	787.8229660667916500
  0.0000746089060000	789.3485035404763700
  0.0000747721640000	790.9126993766985800
  0.0000749354220000	792.4959313798334500
  0.0000750986800000	794.0575102615641800
  0.0000752619380000	795.5591154633311800
  0.0000754251960000	797.0342197995910300
  0.0000755884540000	797.6493048194619200
  0.0000757517120000	798.6897745560978600
  0.0000759149700000	799.7285632373984800
  0.0000760782280000	800.8443932778732200
  0.0000762414860000	802.0326417555899100
  0.0000764047440000	803.3036339067101600
  0.0000765680020000	804.0433928890090600
  0.0000767312600000	805.3143015328271300
  0.0000768945180000	806.6385947908092900
  0.0000770577760000	807.9902430934734000
  0.0000772210340000	809.8131569579794600
  0.0000773842920000	811.8580254822438700
  0.0000775475500000	813.9294137811085600
  0.0000777108080000	816.0574316168481300
  0.0000778740660000	817.1919688768334700
  0.0000780373240000	818.9256449204938200
  0.0000782005820000	820.6763975087873200
  0.0000783638400000	822.4590567405517700
  0.0000785270980000	824.2581145233133400
  0.0000786903560000	826.0693784017785200
  0.0000788536140000	827.8698082205955900
  0.0000790168720000	829.7573919069803900
  0.0000791801300000	831.5491513607282700
  0.0000793433880000	832.5018502267263300
  0.0000795066460000	834.0153503857488900
  0.0000796699040000	835.5650097918847900
  0.0000798331620000	837.1065074304174200
  0.0000799964200000	838.6800507175138400
  0.0000801596780000	840.3437307472710200
  0.0000803229360000	842.0805364260528400
  0.0000804861940000	843.8280089362386900
  0.0000806494520000	845.6932094690647500
  0.0000808127100000	847.6061264506464600
  0.0000809759680000	849.5368509113586700
  0.0000811392260000	851.4454964458528800
  0.0000813024840000	853.4941381765646600
  0.0000814657420000	855.3246994511986300
  0.0000816290000000	857.0709346032447200
  0.0000817922580000	858.8124795561701600
  0.0000819555160000	860.6627858952167600
  0.0000821187740000	861.7552997626565900
  0.0000822820320000	863.5033413818572400
  0.0000824452900000	865.2882904745612200
  0.0000826085480000	867.1384097207220500
  0.0000827718060000	868.9950349060081900
  0.0000829350640000	870.8097374054580100
  0.0000830983220000	872.5789955181500100
  0.0000832615800000	874.3157904001161600
  0.0000834248380000	876.1106514793356200
  0.0000835880960000	876.9207672971919000
  0.0000837513540000	878.2371167655335300
  0.0000839146120000	879.6741824713668600
  0.0000840778700000	881.1369585959954500
  0.0000842411280000	882.5750094208976900
  0.0000844043860000	883.9680456431933600
  0.0000845676440000	885.3810380536052700
  0.0000847309020000	886.8130439436878300
  0.0000848941600000	888.2615637038891200
  0.0000850574180000	889.9800801102350100
  0.0000852206760000	890.5599613601140200
  0.0000853839340000	891.6267371147454200
  0.0000855471920000	892.7147385414176600
  0.0000857104500000	893.8127858777098700
  0.0000858737080000	894.8935893719940400
  0.0000860369660000	895.9591503208354200
  0.0000862002240000	897.0304228621892000
  0.0000863634820000	898.1419510256593000
  0.0000865267400000	899.2743724621274200
  0.0000866899980000	900.4239622099366900
  0.0000868532560000	901.0587146702647500
  0.0000870165140000	902.1761578361939700
  0.0000871797720000	903.3355904999783700
  0.0000873430300000	904.5043826653876500
  0.0000875062880000	905.6682753833738400
  0.0000876695460000	906.8348163808916500
  0.0000878328040000	907.9991289426293400
  0.0000879960620000	909.1627317814981100
  0.0000881593200000	910.3557251463773800
  0.0000883225780000	911.6425169951051000
  0.0000884858360000	912.9835475415887900
  0.0000886490940000	914.4039270177767100
  0.0000888123520000	915.8753051214167700
  0.0000889756100000	917.5187614074224000
  0.0000891388680000	919.2979469122645900
  0.0000893021260000	921.2548353563689700
  0.0000894653840000	923.2824129324434400
  0.0000896286420000	923.8904138556092700
  0.0000897919000000	924.9307398260422100
  0.0000899551580000	925.9569533677712300
  0.0000901184160000	927.0042891797267000
  0.0000902816740000	928.0794509472731300
  0.0000904449320000	929.1765608897594600
  0.0000906081900000	930.3251822095587600
  0.0000907714480000	931.5166752198636000
  0.0000909347060000	932.7107356317465000
  0.0000910979640000	934.0369808072345000
  0.0000912612220000	935.4403632823062900
  0.0000914244800000	936.0883376700591000
  0.0000915877380000	937.2054721006519500
  0.0000917509960000	938.3287082975415400
  0.0000919142540000	939.4512758770227900
  0.0000920775120000	941.0189540377150500
  0.0000922407700000	942.7420916762901000
  0.0000924040280000	944.4329495718038700
  0.0000925672860000	946.1416965732779500
  0.0000927305440000	947.8612091612956200
  0.0000928938020000	949.6221606818273800
  0.0000930570600000	951.2540019151481400
  0.0000932203180000	952.9623420192519900
  0.0000933835760000	954.7726368592632300
  0.0000935468340000	956.6227774610432600
  0.0000937100920000	958.5097935723422300
  0.0000938733500000	960.4108910658436600
  0.0000940366080000	962.3175320632383300
  0.0000941998660000	964.2084521555556200
  0.0000943631240000	966.2117964231358700
  0.0000945263820000	966.9430200607552000
  0.0000946896400000	968.3183931557006200
  0.0000948528980000	969.7340778200573400
  0.0000950161560000	971.2208343960927600
  0.0000951794140000	972.7689579268662800
  0.0000953426720000	974.2588237209500900
  0.0000955059300000	975.8101525092897600
  0.0000956691880000	977.5603127265993600
  0.0000958324460000	979.4462183566862400
  0.0000959957040000	981.4143323764680000
  0.0000961589620000	983.5439851955947000
  0.0000963222200000	985.8335971297954100
  0.0000964854780000	988.2346344363821800
  0.0000966487360000	990.5867265537680200
  0.0000968119940000	993.0349326123654200
  0.0000969752520000	995.5116191620228400
  0.0000971385100000	998.2836592534611100
  0.0000973017680000	1001.0383860016979000
  0.0000974650260000	1003.8523075737389000
  0.0000976282840000	1006.5989675780120000
  0.0000977915420000	1007.2423400786753000
  0.0000979548000000	1008.4095985694172000
  0.0000981180580000	1009.6154440849789000
  0.0000982813160000	1010.8506813143111000
  0.0000984445740000	1012.0965045057027000
  0.0000986078320000	1013.3912488151202000
  0.0000987710900000	1014.6562468577182000
  0.0000989343480000	1015.9151967763520000
  0.0000990976060000	1017.3754686718491000
  0.0000992608640000	1018.9129342795377000
  0.0000994241220000	1020.4619677927883000
  0.0000995873800000	1022.0093149828414000
  0.0000997506380000	1022.8475071701441000
  0.0000999138960000	1024.3354816520073000
  0.0001000771540000	1025.8617563508863000
  0.0001002404120000	1027.4359523107887000
  0.0001004036700000	1029.0635315551747000
  0.0001005669280000	1030.7092888358841000
  0.0001007301860000	1032.3883183344731000
  0.0001008934440000	1034.1577003040031000
  0.0001010567020000	1035.9691482951721000
  0.0001012199600000	1037.8680329852518000
  0.0001013832180000	1039.8508435940641000
  0.0001015464760000	1041.9162700694515000
  0.0001017097340000	1044.0710832809198000
  0.0001018729920000	1046.3200913017724000
  0.0001020362500000	1048.6314378731249000
  0.0001021995080000	1050.9540565068387000
  0.0001023627660000	1051.9017352256296000
  0.0001025260240000	1053.5090573682112000
  0.0001026892820000	1055.1016705975455000
  0.0001028525400000	1056.6644482967990000
  0.0001030157980000	1058.3134619897182000
  0.0001031790560000	1060.1040975956796000
  0.0001033423140000	1062.0228801259445000
  0.0001035055720000	1064.0178865743037000
  0.0001036688300000	1066.1116315888689000
  0.0001038320880000	1068.1150093951762000
  0.0001039953460000	1070.0334130423419000
  0.0001041586040000	1071.9321910984756000
  0.0001043218620000	1073.9386008411541000
  0.0001044851200000	1075.3673663743230000
  0.0001046483780000	1075.7558542659531000
  0.0001048116360000	1076.5916339843529000
  0.0001049748940000	1077.4423072001937000
  0.0001051381520000	1078.3006568811466000
  0.0001053014100000	1079.1300517876955000
  0.0001054646680000	1079.9408995896133000
  0.0001056279260000	1080.7569540755735000
  0.0001057911840000	1081.5249489075889000
  0.0001059544420000	1082.1868049539562000
  0.0001061177000000	1082.7400558755210000
  0.0001062809580000	1083.2746521429190000
  0.0001064442160000	1083.8073521494644000
  0.0001066074740000	1084.3288851757561000
  0.0001067707320000	1084.9138963487385000
  0.0001069339900000	1085.5608536500795000
  0.0001070972480000	1086.2753341361674000
  0.0001072605060000	1086.4857732143018000
  0.0001074237640000	1087.0769651369415000
  0.0001075870220000	1087.6985131480876000
  0.0001077502800000	1088.3571597842035000
  0.0001079135380000	1089.0024489234145000
  0.0001080767960000	1089.5996380742524000
  0.0001082400540000	1090.2421381055822000
  0.0001084033120000	1090.8969865932493000
  0.0001085665700000	1091.5941881986830000
  0.0001087298280000	1092.3256376722750000
  0.0001088930860000	1093.1265792136562000
  0.0001090563440000	1093.9892930748063000
  0.0001092196020000	1094.8917319109448000
  0.0001093828600000	1095.8348426190162000
  0.0001095461180000	1096.7796504297326000
  0.0001097093760000	1097.7189114513958000
  0.0001098726340000	1098.0783694813970000
  0.0001100358920000	1098.9466759388658000
  0.0001101991500000	1099.9358404838854000
  0.0001103624080000	1101.0231219952034000
  0.0001105256660000	1102.1769210869295000
  0.0001106889240000	1103.3866063220869000
  0.0001108521820000	1104.6070665087739000
  0.0001110154400000	1105.8212799361552000
  0.0001111786980000	1107.0387276309596000
  0.0001113419560000	1108.2351574383717000
  0.0001115052140000	1109.4470279341122000
  0.0001116684720000	1110.8567269662665000
  0.0001118317300000	1112.3866360279642000
  0.0001119949880000	1114.0271199052706000
  0.0001121582460000	1115.6842599604136000
  0.0001123215040000	1117.3551587531697000
  0.0001124847620000	1119.0383019565647000
  0.0001126480200000	1119.8551759334807000
  0.0001128112780000	1121.4874481210727000
  0.0001129745360000	1123.2849893506434000
  0.0001131377940000	1125.0221292635372000
  0.0001133010520000	1126.7686667066280000
  0.0001134643100000	1128.5550447030294000
  0.0001136275680000	1130.3701591632521000
  0.0001137908260000	1132.2076106893085000
  0.0001139540840000	1134.1030323277446000
  0.0001141173420000	1136.0439729200414000
  0.0001142806000000	1137.9124159421719000
  0.0001144438580000	1139.7698957382850000
  0.0001146071160000	1140.9299178056610000
  0.0001147703740000	1141.6400794143581000
  0.0001149336320000	1142.2837590460820000
  0.0001150968900000	1142.9310950915408000
  0.0001152601480000	1143.5761714368596000
  0.0001154234060000	1144.2228292493114000
  0.0001155866640000	1144.8374187336281000
  0.0001157499220000	1145.4668286743597000
  0.0001159131800000	1146.0882993392704000
  0.0001160764380000	1146.6414674672210000
  0.0001162396960000	1147.1357378426869000
  0.0001164029540000	1147.5680671158648000
  0.0001165662120000	1147.0860628523883000
  0.0001167294700000	1146.3000091090159000
  0.0001168927280000	1145.5046167427213000
  0.0001170559860000	1144.6977611145503000
  0.0001172192440000	1143.8400197041974000
  0.0001173825020000	1142.9669378696478000
  0.0001175457600000	1142.0947043464837000
  0.0001177090180000	1141.2233192305878000
  0.0001178722760000	1140.3527826101576000
  0.0001180355340000	1139.4830945653596000
  0.0001181987920000	1138.6142551678520000
  0.0001183620500000	1137.7462644800112000
  0.0001185253080000	1136.8791225520995000
  0.0001186885660000	1136.0128294313577000
  0.0001188518240000	1135.1473851621220000
  0.0001190150820000	1134.2827897825039000
  0.0001191783400000	1133.4190433231370000
  0.0001193415980000	1132.5561458070865000
  0.0001195048560000	1131.6940972496259000
  0.0001196681140000	1130.8328976579157000
  0.0001198313720000	1129.9725470305864000
  0.0001199946300000	1129.1130453569435000
  0.0001201578880000	1128.2543926138951000
  0.0001203211460000	1127.3965887737522000
  0.0001204844040000	1126.5396338057258000
  0.0001206476620000	1125.6835276710908000
  0.0001208109200000	1124.8282703217274000
  0.0001209741780000	1125.8106133157846000
  0.0001211374360000	1127.5801511980274000
  0.0001213006940000	1129.3838261911160000
  0.0001214639520000	1131.1516289742544000
  0.0001216272100000	1132.9495203428567000
  0.0001217904680000	1134.6332063506113000
  0.0001219537260000	1136.3743160633760000
  0.0001221169840000	1138.0865669373341000
  0.0001222802420000	1139.8413040230378000
  0.0001224435000000	1141.6178641121828000
  0.0001226067580000	1143.0154300430770000
  0.0001227700160000	1144.5331444979349000
  0.0001229332740000	1145.9653906471578000
  0.0001230965320000	1146.6982206714099000
  0.0001232597900000	1148.0948408482634000
  0.0001234230480000	1149.6099496697511000
  0.0001235863060000	1151.2163053053644000
  0.0001237495640000	1152.9124421832187000
  0.0001239128220000	1154.5715482859541000
  0.0001240760800000	1156.2783629680514000
  0.0001242393380000	1157.9436416390399000
  0.0001244025960000	1159.6552029533191000
  0.0001245658540000	1161.4536992361848000
  0.0001247291120000	1163.4885645169234000
  0.0001248923700000	1165.5612984767304000
  0.0001250556280000	1166.3503745014364000
  0.0001252188860000	1167.3988492484675000
  0.0001253821440000	1167.9846145780125000
  0.0001255454020000	1169.1319893808934000
  0.0001257086600000	1170.3339210222375000
  0.0001258719180000	1171.5873059283772000
  0.0001260351760000	1172.8958145187448000
  0.0001261984340000	1174.2647473235425000
  0.0001263616920000	1175.6122753605555000
  0.0001265249500000	1176.9763378647733000
  0.0001266882080000	1177.3478052022099000
  0.0001268514660000	1178.3284968934713000
  0.0001270147240000	1179.4845149114892000
  0.0001271779820000	1180.6804143516631000
  0.0001273412400000	1181.8238388531040000
  0.0001275044980000	1182.9876081212328000
  0.0001276677560000	1184.1701267772555000
  0.0001278310140000	1185.3645335103868000
  0.0001279942720000	1186.5683706259667000
  0.0001281575300000	1187.7513388655766000
  0.0001283207880000	1188.7820471806460000
  0.0001284840460000	1189.9226097017229000
  0.0001286473040000	1191.0427594584132000
  0.0001288105620000	1192.3149876111836000
  0.0001289738200000	1193.9055484537096000
  0.0001291370780000	1195.6516248043961000
  0.0001293003360000	1197.5036381245700000
  0.0001294635940000	1199.4275395164113000
  0.0001296268520000	1201.3752868777383000
  0.0001297901100000	1201.8831747724412000
  0.0001299533680000	1202.9797941291174000
  0.0001301166260000	1203.7143848603196000
  0.0001302798840000	1205.1008974184026000
  0.0001304431420000	1206.5378452438908000
  0.0001306064000000	1207.9933881254046000
  0.0001307696580000	1209.4544782667269000
  0.0001309329160000	1210.8958902986521000
  0.0001310961740000	1212.2648671701113000
  0.0001312594320000	1213.6372643317441000
  0.0001314226900000	1215.0729694003739000
  0.0001315859480000	1216.5272516358523000
  0.0001317492060000	1218.0062914325201000
  0.0001319124640000	1218.7692855644539000
  0.0001320757220000	1220.1131345585532000
  0.0001322389800000	1221.4836631922126000
  0.0001324022380000	1222.8466444041640000
  0.0001325654960000	1224.3429798178825000
  0.0001327287540000	1225.9905888121955000
  0.0001328920120000	1227.6870059448479000
  0.0001330552700000	1229.3923471363553000
  0.0001332185280000	1231.1450212539226000
  0.0001333817860000	1231.4593058150047000
  0.0001335450440000	1232.2490182223830000
  0.0001337083020000	1233.0987087715130000
  0.0001338715600000	1233.9536827058212000
  0.0001340348180000	1234.8406439359435000
  0.0001341980760000	1235.8096796941913000
  0.0001343613340000	1236.8437312284623000
  0.0001345245920000	1237.9589787134198000
  0.0001346878500000	1238.3634855063965000
  0.0001348511080000	1239.3017527272909000
  0.0001350143660000	1240.3005112753531000
  0.0001351776240000	1241.2865271742753000
  0.0001353408820000	1242.2759990418099000
  0.0001355041400000	1243.2979602120029000
  0.0001356673980000	1244.3075542779895000
  0.0001358306560000	1245.3315320426705000
  0.0001359939140000	1246.3931199028193000
  0.0001361571720000	1247.4624206030630000
  0.0001363204300000	1248.4879500564889000
  0.0001364836880000	1249.4870476960282000
  0.0001366469460000	1250.5100212869727000
  0.0001368102040000	1251.4407309149301000
  0.0001369734620000	1252.4499455955079000
  0.0001371367200000	1253.7435648736810000
  0.0001372999780000	1255.2624944851525000
  0.0001374632360000	1256.0381156488515000
  0.0001376264940000	1257.4113221835646000
  0.0001377897520000	1257.9160118270752000
  0.0001379530100000	1258.9177211627889000
  0.0001381162680000	1259.9262174238895000
  0.0001382795260000	1261.0311230259806000
  0.0001384427840000	1262.2313648305183000
  0.0001386060420000	1263.5258823153367000
  0.0001387693000000	1264.8665608643350000
  0.0001389325580000	1266.2413879553494000
  0.0001390958160000	1267.6410547593671000
  0.0001392590740000	1268.9579025756166000
  0.0001394223320000	1270.2251456061924000
  0.0001395855900000	1271.6102324185831000
  0.0001397488480000	1272.0736370059774000
  0.0001399121060000	1273.0964692494567000
  0.0001400753640000	1274.1665326076095000
  0.0001402386220000	1275.1939306245213000
  0.0001404018800000	1276.2177131596145000
  0.0001405651380000	1277.3002509745427000
  0.0001407283960000	1278.4214624134706000
  0.0001408916540000	1279.5369443538957000
  0.0001410549120000	1280.6598415250069000
  0.0001412181700000	1281.7468573257515000
  0.0001413814280000	1282.8392305181037000
  0.0001415446860000	1283.6759461400745000
  0.0001417079440000	1284.0482969519212000
  0.0001418712020000	1284.2224411033490000
  0.0001420344600000	1284.7160496510410000
  0.0001421977180000	1285.7940128560053000
  0.0001423609760000	1286.9178124921618000
  0.0001425242340000	1287.1373594059087000
  0.0001426874920000	1287.9130159435547000
  0.0001428507500000	1288.7884238104950000
  0.0001430140080000	1289.7289676960756000
  0.0001431772660000	1290.6790883357532000
  0.0001433405240000	1291.0410267600064000
  0.0001435037820000	1291.9247293964770000
  0.0001436670400000	1292.9003628839098000
  0.0001438302980000	1293.8601333954632000
  0.0001439935560000	1294.7501141006730000
  0.0001441568140000	1295.6609650119797000
  0.0001443200720000	1296.6251899285082000
  0.0001444833300000	1297.5604887354386000
  0.0001446465880000	1298.5741873639763000
  0.0001448098460000	1299.5969539671732000
  0.0001449731040000	1300.6267561205832000
  0.0001451363620000	1301.6936371893030000
  0.0001452996200000	1302.7339322336541000
  0.0001454628780000	1303.7984272311123000
  0.0001456261360000	1304.4467311954973000
  0.0001457893940000	1304.9803300789590000
  0.0001459526520000	1305.3162491553046000
  0.0001461159100000	1306.0970778086569000
  0.0001462791680000	1306.8840541082695000
  0.0001464424260000	1307.6323669279277000
  0.0001466056840000	1308.3660656291793000
  0.0001467689420000	1309.3460308267479000
  0.0001469322000000	1310.3760158831326000
  0.0001470954580000	1311.3929153838865000
  0.0001472587160000	1312.4423400794881000
  0.0001474219740000	1313.5176501321555000
  0.0001475852320000	1314.5770414462229000
  0.0001477484900000	1315.6583578304931000
  0.0001479117480000	1316.6425874602030000
  0.0001480750060000	1317.6006963322127000
  0.0001482382640000	1318.2139596967941000
  0.0001484015220000	1318.6797791941265000
  0.0001485647800000	1319.1501611784840000
  0.0001487280380000	1319.6285291044892000
  0.0001488912960000	1320.0770571890309000
  0.0001490545540000	1320.1624441662000000
  0.0001492178120000	1320.1443237480132000
  0.0001493810700000	1320.0971497629102000
  0.0001495443280000	1320.2217213682102000
  0.0001497075860000	1320.4985278057075000
  0.0001498708440000	1321.2101025129118000
  0.0001500341020000	1321.9568247875375000
  0.0001501973600000	1322.7125726625125000
  0.0001503606180000	1323.5709553924673000
  0.0001505238760000	1324.4696454628274000
  0.0001506871340000	1325.4461871212568000
  0.0001508503920000	1326.4510498541288000
  0.0001510136500000	1327.2619444091031000
  0.0001511769080000	1327.9856659538775000
  0.0001513401660000	1328.6451037667084000
  0.0001515034240000	1329.3043607185496000
  0.0001516666820000	1329.9812718740827000
  0.0001518299400000	1330.6295202093547000
  0.0001519931980000	1330.7816232002838000
  0.0001521564560000	1331.3912440237359000
  0.0001523197140000	1332.0876018684273000
  0.0001524829720000	1332.7838616989634000
  0.0001526462300000	1333.4812127297596000
  0.0001528094880000	1334.1866565890396000
  0.0001529727460000	1334.8611769255940000
  0.0001531360040000	1335.4724525672541000
  0.0001532992620000	1335.8899226674937000
  0.0001534625200000	1336.7786647542439000
  0.0001536257780000	1337.6178845623792000
  0.0001537890360000	1338.4489860465173000
  0.0001539522940000	1339.2734983136893000
  0.0001541155520000	1340.0831296701533000
  0.0001542788100000	1340.8997662192969000
  0.0001544420680000	1341.7782800452410000
  0.0001546053260000	1342.8328418582521000
  0.0001547685840000	1343.5085148173409000
  0.0001549318420000	1344.9124294545577000
  0.0001550951000000	1346.4568788694010000
  0.0001552583580000	1348.0724553735354000
  0.0001554216160000	1349.7326187329206000
  0.0001555848740000	1351.4208783958013000
  0.0001557481320000	1353.1755384097237000
  0.0001559113900000	1354.9684411466749000
  0.0001560746480000	1356.9496148004325000
  0.0001562379060000	1359.0232391519571000
  0.0001564011640000	1361.2374444606683000
  0.0001565644220000	1363.5629029437002000
  0.0001567276800000	1365.9825235784854000
  0.0001568909380000	1368.3134828877712000
  0.0001570541960000	1370.7090626629818000
  0.0001572174540000	1373.1818852896404000
  0.0001573807120000	1375.2543210339986000
  0.0001575439700000	1377.7228236263961000
  0.0001577072280000	1380.2800430530501000
  0.0001578704860000	1382.6343011911194000
  0.0001580337440000	1383.1017590318324000
  0.0001581970020000	1384.0842358990428000
  0.0001583602600000	1385.1082793213347000
  0.0001585235180000	1386.1080760802502000
  0.0001586867760000	1387.0685709027357000
  0.0001588500340000	1388.0459236977797000
  0.0001590132920000	1389.0557679604215000
  0.0001591765500000	1390.0830931480884000
  0.0001593398080000	1391.1314806181426000
  0.0001595030660000	1392.2478010558598000
  0.0001596663240000	1393.3481620337550000
  0.0001598295820000	1394.4127505506128000
  0.0001599928400000	1395.4032989799248000
  0.0001601560980000	1396.2730214576559000
  0.0001603193560000	1396.9853623879351000
  0.0001604826140000	1397.2222155921907000
  0.0001606458720000	1397.9749627452875000
  0.0001608091300000	1398.7826238800185000
  0.0001609723880000	1399.6738100191537000
  0.0001611356460000	1400.6117496597324000
  0.0001612989040000	1401.5565789393306000
  0.0001614621620000	1402.5120466697290000
  0.0001616254200000	1403.4969063856997000
  0.0001617886780000	1404.5328860572979000
  0.0001619519360000	1405.6104411903407000
  0.0001621151940000	1406.7252336670085000
  0.0001622784520000	1407.8380152191764000
  0.0001624417100000	1408.9534016157634000
  0.0001626049680000	1409.5536046248319000
  0.0001627682260000	1409.9847676978300000
  0.0001629314840000	1410.7168733063459000
  0.0001630947420000	1412.0688621405152000
  0.0001632580000000	1413.4366133376652000
