Y Load (N) vs. Time (sec)
(1002 2)
Time (sec)	Tool	
  0.0000000000000000	  0.0000000000000000
  0.0000001728610000	 25.3374740000000000
  0.0000003457220000	 56.5745039999999970
  0.0000005185830000	 64.9091169999999950
  0.0000006914440000	 69.0769319999999990
  0.0000008643050000	 84.0544790000000010
  0.0000010371660000	 89.7993890000000050
  0.0000012100270000	 96.6224979999999930
  0.0000013828880000	107.6683900000000000
  0.0000015557490000	114.8305900000000000
  0.0000017286100000	118.6821900000000100
  0.0000019014710000	113.2194200000000000
  0.0000020743320000	108.3679600000000000
  0.0000022471930000	129.4254300000000100
  0.0000024200540000	144.3847900000000100
  0.0000025929150000	158.9853100000000000
  0.0000027657760000	169.8265500000000000
  0.0000029386370000	164.1918800000000000
  0.0000031114980000	168.5602399999999900
  0.0000032843590000	163.8841600000000100
  0.0000034572200000	162.0630099999999900
  0.0000036300810000	166.9456800000000100
  0.0000038029420000	170.6850399999999900
  0.0000039758030000	199.2146500000000100
  0.0000041486640000	203.3586000000000000
  0.0000043215250000	205.6418099999999900
  0.0000044943860000	196.2337400000000100
  0.0000046672470000	212.5902600000000000
  0.0000048401080000	205.3105799999999900
  0.0000050129690000	208.1894000000000100
  0.0000051858300000	210.9711200000000100
  0.0000053586910000	220.2546500000000000
  0.0000055315520000	225.7337800000000000
  0.0000057044130000	230.9236899999999900
  0.0000058772740000	229.3383499999999900
  0.0000060501350000	236.4321400000000000
  0.0000062229960000	239.2283899999999900
  0.0000063958570000	235.4127900000000000
  0.0000065687180000	224.9527600000000100
  0.0000067415790000	275.1164900000000000
  0.0000069144400000	266.2742200000000100
  0.0000070873010000	253.3156300000000000
  0.0000072601620000	246.6150900000000100
  0.0000074068671432	247.5527899999999900
  0.0000075797281432	251.9421199999999900
  0.0000077525891432	251.6352400000000100
  0.0000079254501432	256.5624000000000300
  0.0000080983111432	263.3888999999999800
  0.0000082711721432	269.4184000000000200
  0.0000084440331432	269.9687200000000200
  0.0000086168941432	275.9610099999999900
  0.0000087897551432	277.3142000000000300
  0.0000089626161432	274.8291100000000100
  0.0000091354771432	264.0845499999999800
  0.0000093083381432	276.4673399999999800
  0.0000094811991432	279.2257000000000200
  0.0000096540601432	280.7116100000000100
  0.0000098269211432	295.3647399999999800
  0.0000099997821432	294.8190099999999900
  0.0000101726431432	294.7716199999999800
  0.0000103455041432	301.7508000000000300
  0.0000105183651432	300.0323599999999800
  0.0000106912261432	309.2691699999999700
  0.0000108640871432	303.4417500000000100
  0.0000110369481432	308.0515100000000100
  0.0000112098091432	311.5616800000000200
  0.0000113826701432	314.0493000000000200
  0.0000115555311432	310.7896900000000100
  0.0000117283921432	312.8502300000000100
  0.0000119012531432	298.4314400000000100
  0.0000120741141432	308.8900800000000100
  0.0000122469751432	321.0468700000000100
  0.0000124198361432	325.4456099999999900
  0.0000125926971432	326.4239799999999700
  0.0000127655581432	333.4429299999999900
  0.0000129384191432	320.1906599999999800
  0.0000131112801432	321.2083400000000200
  0.0000132841411432	324.0057600000000100
  0.0000134570021432	327.8207899999999900
  0.0000136298631432	335.5614800000000200
  0.0000138027241432	325.9761300000000100
  0.0000139755851432	328.2855900000000100
  0.0000141484461432	327.5242200000000100
  0.0000143213071432	332.8739699999999900
  0.0000144941681432	321.3642899999999800
  0.0000146670291432	333.5632200000000000
  0.0000148398901432	335.7475800000000300
  0.0000150127511432	338.5028399999999900
  0.0000151856121432	342.8840999999999900
  0.0000153584731432	347.4135900000000000
  0.0000155313341432	345.5455299999999900
  0.0000157041951432	345.2405999999999700
  0.0000158770561432	343.5374699999999800
  0.0000160499171432	333.6493699999999800
  0.0000162227781432	333.5959599999999900
  0.0000163956391432	337.3982899999999700
  0.0000165685001432	332.8338900000000000
  0.0000167413611432	337.9843599999999800
  0.0000169142221432	333.8792000000000300
  0.0000170870831432	324.4006400000000100
  0.0000172599441432	325.5290499999999800
  0.0000174328051432	324.5955300000000000
  0.0000176056661432	328.8829000000000100
  0.0000177785271432	333.3644899999999900
  0.0000179513881432	330.0899699999999900
  0.0000181242491432	333.2634699999999800
  0.0000182971101432	345.1759000000000100
  0.0000184699711432	335.0117300000000000
  0.0000186428321432	341.1681199999999900
  0.0000188156931432	344.4869600000000100
  0.0000189885541432	346.2467199999999800
  0.0000191614151432	350.5509900000000100
  0.0000193342761432	350.2161800000000100
  0.0000195071371432	347.2502200000000100
  0.0000196799981432	354.8714100000000300
  0.0000198528591432	357.3638000000000300
  0.0000200257201432	354.6997799999999800
  0.0000201985811432	352.6782400000000200
  0.0000203714421432	349.9552600000000100
  0.0000205443031432	347.1729800000000000
  0.0000207171641432	347.6079399999999900
  0.0000208900251432	350.3736299999999900
  0.0000210628861432	344.6657200000000200
  0.0000212357471432	348.1109300000000000
  0.0000214086081432	346.6652100000000000
  0.0000215814691432	348.9807599999999800
  0.0000217543301432	345.9930600000000100
  0.0000219271911432	340.2712399999999800
  0.0000221000521432	337.1499499999999900
  0.0000222729131432	342.0707400000000000
  0.0000224457741432	346.1680900000000100
  0.0000226186351432	332.1568100000000100
  0.0000227914961432	357.7481700000000200
  0.0000229643571432	356.8297900000000000
  0.0000231372181432	361.3940299999999900
  0.0000233100791432	358.7283800000000200
  0.0000234829401432	360.6414600000000000
  0.0000236558011432	359.6268700000000000
  0.0000238286621432	357.9253699999999900
  0.0000240015231432	355.7958300000000200
  0.0000241743841432	360.7484200000000100
  0.0000243472451432	361.7472200000000300
  0.0000245201061432	357.8261699999999900
  0.0000246929671432	355.9884900000000100
  0.0000248658281432	359.5939000000000200
  0.0000250386891432	353.6440999999999800
  0.0000252115501432	350.3347299999999800
  0.0000253844111432	343.8495100000000100
  0.0000255572721432	343.4997700000000100
  0.0000257301331432	342.9872599999999900
  0.0000259029941432	345.4213300000000100
  0.0000260758551432	342.9741900000000200
  0.0000262487161432	342.7961300000000100
  0.0000264215771432	337.2613600000000200
  0.0000265944381432	343.3650400000000200
  0.0000267672991432	343.8079799999999900
  0.0000269401601432	342.6061900000000300
  0.0000271130211432	341.0511099999999900
  0.0000272858821432	347.6626200000000000
  0.0000274587431432	350.3854600000000200
  0.0000276316041432	340.8020399999999800
  0.0000278044651432	337.5076199999999700
  0.0000279773261432	354.8340999999999800
  0.0000281501871432	346.8827999999999700
  0.0000283230481432	341.5747400000000200
  0.0000284959091432	347.5605200000000000
  0.0000286687701432	350.3848899999999800
  0.0000288416311432	353.8700799999999700
  0.0000290144921432	358.0342999999999700
  0.0000291873531432	362.4223600000000300
  0.0000293602141432	360.3152299999999900
  0.0000295330751432	350.5598600000000100
  0.0000297059361432	357.5602000000000100
  0.0000298787971432	357.7256600000000000
  0.0000300516581432	351.5090200000000200
  0.0000302245191432	341.2499399999999800
  0.0000303973801432	336.8165000000000200
  0.0000305702411432	332.9196499999999900
  0.0000307431021432	332.9722100000000200
  0.0000309159631432	329.3646900000000000
  0.0000310888241432	335.8299799999999800
  0.0000312616851432	338.6527800000000100
  0.0000314345461432	341.4940100000000000
  0.0000316074071432	343.0644600000000000
  0.0000317802681432	338.0157300000000200
  0.0000319531291432	346.3051300000000200
  0.0000321259901432	338.0384000000000200
  0.0000322988511432	331.5306100000000200
  0.0000324717121432	334.9040200000000000
  0.0000326445731432	333.6239699999999900
  0.0000328174341432	338.1992900000000200
  0.0000329902951432	340.5208500000000000
  0.0000331631561432	345.8922000000000000
  0.0000333360171432	349.3464900000000200
  0.0000335088781432	349.8262199999999800
  0.0000336817391432	337.9987100000000200
  0.0000338546001432	334.4657500000000100
  0.0000340274611432	340.1871300000000200
  0.0000342003221432	341.5561900000000200
  0.0000343731831432	335.6383900000000200
  0.0000345460441432	326.5652000000000000
  0.0000347189051432	325.6930800000000100
  0.0000348917661432	322.5606599999999800
  0.0000350646271432	319.1752200000000200
  0.0000352374881432	313.9547299999999800
  0.0000354103491432	319.0347699999999800
  0.0000355832101432	339.7364799999999700
  0.0000357560711432	336.5778599999999900
  0.0000359289321432	342.7524799999999900
  0.0000361017931432	342.3037100000000200
  0.0000362746541432	337.1658899999999900
  0.0000364475151432	344.4847100000000100
  0.0000366203761432	344.7120300000000300
  0.0000367932371432	346.8939199999999800
  0.0000369660981432	337.4508300000000000
  0.0000371389591432	334.8202400000000100
  0.0000373118201432	319.1562299999999900
  0.0000374846811432	314.7946000000000000
  0.0000376575421432	312.6828300000000200
  0.0000378304031432	312.1103400000000100
  0.0000380032641432	312.5962999999999900
  0.0000381761251432	313.6741099999999800
  0.0000383489861432	319.2300500000000100
  0.0000385218471432	317.8449400000000100
  0.0000386947081432	315.0288100000000200
  0.0000388675691432	319.2606000000000100
  0.0000390404301432	312.3365299999999800
  0.0000392132911432	343.1041500000000000
  0.0000393861521432	340.4266600000000300
  0.0000395590131432	340.8935799999999900
  0.0000397318741432	339.9936000000000100
  0.0000399047351432	326.9454900000000100
  0.0000400775961432	324.8289399999999900
  0.0000402504571432	329.2943300000000000
  0.0000404233181432	327.0688599999999700
  0.0000405961791432	320.6828699999999800
  0.0000407690401432	320.9449000000000200
  0.0000409419011432	318.9642299999999900
  0.0000411147621432	316.8104900000000200
  0.0000412876231432	320.6500700000000300
  0.0000414604841432	317.5478200000000000
  0.0000416333451432	332.4853600000000100
  0.0000418062061432	335.5604400000000300
  0.0000419790671432	338.0840099999999800
  0.0000421519281432	344.0699099999999900
  0.0000423247891432	340.7466499999999900
  0.0000424976501432	336.8095599999999800
  0.0000426705111432	340.9030500000000100
  0.0000428433721432	335.7634400000000000
  0.0000430162331432	334.4162700000000000
  0.0000431890941432	334.6493500000000300
  0.0000433619551432	342.7110999999999900
  0.0000435348161432	343.5219099999999900
  0.0000437076771432	342.2397500000000200
  0.0000438805381432	338.1485900000000100
  0.0000440533991432	324.7867299999999800
  0.0000442262601432	322.9312800000000200
  0.0000443991211432	318.5765099999999800
  0.0000445719821432	324.0405799999999800
  0.0000447448431432	325.6141200000000100
  0.0000449177041432	327.0382099999999900
  0.0000450905651432	332.5687899999999800
  0.0000452634261432	329.1896899999999800
  0.0000454362871432	331.8311600000000100
  0.0000456091481432	336.6176399999999900
  0.0000457820091432	339.6219899999999800
  0.0000459548701432	332.0402100000000000
  0.0000461277311432	320.5067300000000000
  0.0000463005921432	321.2434600000000300
  0.0000464734531432	307.2481100000000000
  0.0000466463141432	345.2169500000000000
  0.0000468191751432	342.8529899999999800
  0.0000469920361432	325.9628700000000100
  0.0000471648971432	318.9139500000000000
  0.0000473377581432	323.2356700000000300
  0.0000475106191432	323.0260599999999700
  0.0000476834801432	321.7225399999999800
  0.0000478563411432	333.2818800000000000
  0.0000480292021432	336.0186699999999900
  0.0000482020631432	331.7690299999999900
  0.0000483749241432	333.0342699999999900
  0.0000485477851432	330.9454900000000100
  0.0000487206461432	336.8747000000000200
  0.0000488935071432	339.7985400000000000
  0.0000490663681432	337.3578200000000000
  0.0000492392291432	340.6033499999999800
  0.0000494120901432	331.0401900000000000
  0.0000495849511432	337.9359200000000100
  0.0000497578121432	338.1210199999999900
  0.0000499306731432	328.6885800000000000
  0.0000501035341432	332.2244400000000200
  0.0000502763951432	323.1822000000000200
  0.0000504492561432	314.4934099999999800
  0.0000506221171432	310.0907199999999800
  0.0000507949781432	311.1570300000000200
  0.0000509678391432	306.4162700000000000
  0.0000511407001432	308.9575600000000000
  0.0000513135611432	306.6098200000000100
  0.0000514864221432	302.4193000000000200
  0.0000516592831432	303.1623500000000000
  0.0000518321441432	353.8788400000000300
  0.0000520050051432	343.5268899999999800
  0.0000521778661432	342.4799800000000100
  0.0000523507271432	342.5804499999999800
  0.0000525235881432	340.5970100000000100
  0.0000526964491432	342.1299000000000200
  0.0000528693101432	338.9674099999999700
  0.0000530421711432	341.4626099999999800
  0.0000532150321432	329.1944100000000000
  0.0000533878931432	331.4381300000000000
  0.0000535607541432	333.1009599999999900
  0.0000537336151432	331.5606599999999800
  0.0000539064761432	321.5139699999999700
  0.0000540793371432	325.6911900000000100
  0.0000542521981432	353.4689799999999900
  0.0000544250591432	347.4207299999999900
  0.0000545979201432	344.7630899999999800
  0.0000547707811432	340.2005399999999900
  0.0000549436421432	333.9961599999999700
  0.0000551165031432	335.9410500000000200
  0.0000552893641432	347.2513799999999800
  0.0000554622251432	349.4735200000000100
  0.0000556350861432	336.5039899999999900
  0.0000558079471432	337.1638199999999900
  0.0000559808081432	344.0633000000000300
  0.0000561536691432	341.1372099999999800
  0.0000563265301432	339.8627599999999800
  0.0000564993911432	338.9929900000000200
  0.0000566722521432	339.5782300000000200
  0.0000568451131432	335.9726699999999900
  0.0000570179741432	342.1999599999999800
  0.0000571908351432	330.5228500000000100
  0.0000573636961432	330.6794100000000200
  0.0000575365571432	343.6203100000000200
  0.0000577094181432	345.0133500000000000
  0.0000578822791432	350.9652600000000000
  0.0000580551401432	353.6112800000000200
  0.0000582280011432	354.8417800000000300
  0.0000584008621432	335.9066000000000300
  0.0000585737231432	336.8037899999999900
  0.0000587465841432	335.5337599999999700
  0.0000589194451432	335.7643699999999900
  0.0000590923061432	341.7125899999999800
  0.0000592651671432	328.6572800000000100
  0.0000594380281432	331.9790199999999900
  0.0000596108891432	332.2595800000000300
  0.0000597837501432	335.1911999999999800
  0.0000599566111432	336.6609599999999900
  0.0000601294721432	338.8449299999999800
  0.0000603023331432	328.7937499999999900
  0.0000604751941432	335.1765399999999900
  0.0000606480551432	334.0428499999999900
  0.0000608209161432	338.9596599999999900
  0.0000609937771432	338.6748400000000200
  0.0000611666381432	328.1278600000000000
  0.0000613394991432	325.2255000000000100
  0.0000615123601432	321.9579299999999800
  0.0000616852211432	315.0448999999999800
  0.0000618580821432	314.9292100000000100
  0.0000620309431432	314.1924300000000000
  0.0000622038041432	317.5687100000000100
  0.0000623766651432	334.6057200000000200
  0.0000625495261432	334.8818400000000100
  0.0000627223871432	342.2258800000000200
  0.0000628952481432	339.2149499999999900
  0.0000630681091432	345.4004800000000200
  0.0000632409701432	344.2560300000000100
  0.0000634138311432	349.2607400000000000
  0.0000635866921432	347.8324099999999800
  0.0000637595531432	349.5658000000000200
  0.0000639324141432	348.7415300000000100
  0.0000641052751432	348.8829000000000100
  0.0000642781361432	348.3367000000000100
  0.0000644509971432	343.9548500000000200
  0.0000646238581432	342.3211099999999800
  0.0000647967191432	328.8677099999999900
  0.0000649695801432	335.9409699999999900
  0.0000651424411432	334.4329799999999900
  0.0000653153021432	348.7997399999999900
  0.0000654881631432	351.2582499999999800
  0.0000656610241432	354.8615100000000100
  0.0000658338851432	352.6016300000000000
  0.0000660067461432	356.9050800000000000
  0.0000661796071432	344.6515800000000200
  0.0000663524681432	349.1932899999999900
  0.0000665253291432	344.6948400000000000
  0.0000666981901432	349.5008000000000300
  0.0000668710511432	332.1942799999999900
  0.0000670439121432	335.3430999999999900
  0.0000672167731432	336.0547000000000300
  0.0000673896341432	340.5998599999999800
  0.0000675624951432	336.5807199999999900
  0.0000677353561432	342.0000099999999700
  0.0000679082171432	347.2266399999999700
  0.0000680810781432	352.3346100000000000
  0.0000682539391432	342.1364600000000000
  0.0000684268001432	334.5744100000000000
  0.0000685996611432	337.5936399999999900
  0.0000687725221432	335.3894799999999900
  0.0000689453831432	316.1942199999999700
  0.0000691182441432	319.0476499999999800
  0.0000692911051432	327.6137899999999900
  0.0000694639661432	328.4361900000000100
  0.0000696368271432	318.8228599999999900
  0.0000698096881432	322.8519000000000000
  0.0000699825491432	325.7600400000000000
  0.0000701554101432	325.2464600000000100
  0.0000703282711432	334.6258700000000200
  0.0000705011321432	334.7203000000000100
  0.0000706739931432	339.3180800000000100
  0.0000708468541432	340.2054900000000000
  0.0000710197151432	333.3566799999999800
  0.0000711925761432	330.8990400000000100
  0.0000713654371432	336.4706200000000000
  0.0000715382981432	335.0812100000000000
  0.0000717111591432	327.9572999999999800
  0.0000718840201432	330.4630300000000000
  0.0000720568811432	330.5510899999999900
  0.0000722297421432	327.5647999999999900
  0.0000724026031432	327.9322399999999800
  0.0000725754641432	333.6488899999999900
  0.0000727483251432	338.9475299999999700
  0.0000729211861432	336.7738600000000100
  0.0000730940471432	328.2871799999999800
  0.0000732669081432	335.9041000000000300
  0.0000734397691432	333.8512499999999900
  0.0000736126301432	329.7958300000000200
  0.0000737854911432	330.1295999999999800
  0.0000739583521432	327.5635500000000200
  0.0000741312131432	320.9609800000000100
  0.0000743040741432	325.6825099999999800
  0.0000744769351432	334.2000400000000000
  0.0000746497961432	345.7078500000000100
  0.0000748226571432	353.8731500000000100
  0.0000749955181432	354.6284900000000000
  0.0000751683791432	344.8537900000000000
  0.0000753412401432	346.2199000000000000
  0.0000755141011432	336.2183400000000100
  0.0000756869621432	341.5136600000000200
  0.0000758598231432	334.2350400000000300
  0.0000760326841432	339.4761700000000200
  0.0000762055451432	328.1234400000000200
  0.0000763784061432	343.8230899999999800
  0.0000765512671432	337.0068200000000000
  0.0000767241281432	340.2044200000000300
  0.0000768969891432	344.5150300000000200
  0.0000770698501432	344.1383400000000300
  0.0000772427111432	347.0164399999999900
  0.0000774155721432	351.8888000000000000
  0.0000775884331432	357.0524500000000200
  0.0000777612941432	357.6363499999999900
  0.0000779341551432	350.2025600000000100
  0.0000781070161432	348.6750500000000000
  0.0000782798771432	327.0767000000000200
  0.0000784527381432	339.8679099999999900
  0.0000786255991432	328.3627599999999800
  0.0000787984601432	332.2230999999999900
  0.0000789713211432	332.5700299999999700
  0.0000791441821432	329.4698200000000300
  0.0000793170431432	324.5242900000000100
  0.0000794899041432	331.8698400000000100
  0.0000796627651432	318.0328299999999900
  0.0000798356261432	367.5178399999999800
  0.0000800084871432	371.4104899999999800
  0.0000801813481432	376.5983600000000100
  0.0000803542091432	378.0833900000000100
  0.0000805270701432	370.9525400000000000
  0.0000806999311432	368.9534600000000100
  0.0000808727921432	371.3176900000000300
  0.0000810456531432	371.4213100000000100
  0.0000812185141432	374.5194300000000000
  0.0000813913751432	365.5302800000000000
  0.0000815642361432	356.4607100000000100
  0.0000817370971432	355.2027100000000200
  0.0000819099581432	358.1568500000000200
  0.0000820828191432	356.1090300000000200
  0.0000822556801432	361.7655100000000100
  0.0000824285411432	381.5423799999999800
  0.0000826014021432	368.8252100000000300
  0.0000827742631432	359.3243699999999900
  0.0000829471241432	355.0241199999999800
  0.0000831199851432	353.4541500000000300
  0.0000832928461432	352.5802100000000200
  0.0000834657071432	353.4508500000000000
  0.0000836385681432	350.6948100000000200
  0.0000838114291432	337.1753899999999900
  0.0000839842901432	331.1714700000000000
  0.0000841571511432	334.3084400000000200
  0.0000843300121432	333.6884299999999800
  0.0000845028731432	326.0886699999999800
  0.0000846757341432	331.4880099999999700
  0.0000848485951432	336.8142399999999800
  0.0000850214561432	334.3211299999999800
  0.0000851943171432	343.0695499999999900
  0.0000853671781432	349.1251199999999800
  0.0000855400391432	333.5683399999999800
  0.0000857129001432	334.0942400000000100
  0.0000858857611432	330.3627099999999900
  0.0000860586221432	323.2015200000000200
  0.0000862314831432	353.2979000000000300
  0.0000864043441432	344.6323600000000100
  0.0000865772051432	345.2880299999999900
  0.0000867500661432	343.1557700000000200
  0.0000869229271432	336.8268800000000200
  0.0000870957881432	340.8658300000000200
  0.0000872686491432	345.8196399999999900
  0.0000874415101432	332.2013900000000000
  0.0000876143711432	334.3112300000000200
  0.0000877872321432	333.9395400000000200
  0.0000879600931432	336.9970999999999900
  0.0000881329541432	326.7065499999999900
  0.0000883058151432	340.4596599999999900
  0.0000884786761432	337.9036400000000000
  0.0000886515371432	341.3985400000000300
  0.0000888243981432	341.3457799999999900
  0.0000889972591432	342.8650900000000100
  0.0000891701201432	343.0174600000000300
  0.0000893429811432	337.9315100000000000
  0.0000895158421432	335.6320999999999800
  0.0000896887031432	333.1603200000000100
  0.0000898615641432	344.9919199999999900
  0.0000900344251432	343.5236400000000000
  0.0000902072861432	337.8645000000000200
  0.0000903801471432	324.6004399999999900
  0.0000905530081432	317.7809300000000100
  0.0000907258691432	318.4938900000000200
  0.0000908987301432	324.8388200000000000
  0.0000910715911432	342.7958899999999900
  0.0000912444521432	338.6236900000000100
  0.0000914173131432	356.4120700000000300
  0.0000915901741432	341.1826500000000200
  0.0000917630351432	333.1106500000000200
  0.0000919358961432	336.0438199999999800
  0.0000921087571432	339.2869200000000100
  0.0000922816181432	348.2264599999999700
  0.0000924544791432	340.6081199999999900
  0.0000926273401432	341.2042900000000100
  0.0000928002011432	344.4471399999999900
  0.0000929730621432	346.2746399999999800
  0.0000931459231432	343.8392299999999900
  0.0000933187841432	347.3446200000000200
  0.0000934916451432	347.4818799999999900
  0.0000936645061432	347.8034900000000100
  0.0000938373671432	339.0409599999999800
  0.0000940102281432	339.4746799999999800
  0.0000941830891432	341.4534899999999900
  0.0000943559501432	329.9682300000000100
  0.0000945288111432	321.5911600000000000
  0.0000947016721432	326.5364200000000200
  0.0000948745331432	324.4130400000000200
  0.0000950473941432	328.2574200000000200
  0.0000952202551432	354.1539300000000000
  0.0000953931161432	348.3495399999999900
  0.0000955659771432	343.4082599999999800
  0.0000957388381432	347.7743699999999800
  0.0000959116991432	348.1750900000000100
  0.0000960845601432	354.4886399999999800
  0.0000962574211432	347.1682599999999800
  0.0000964302821432	344.8562200000000100
  0.0000966031431432	338.6339300000000200
  0.0000967760041432	343.2140699999999900
  0.0000969488651432	342.8651199999999900
  0.0000971217261432	346.5086400000000100
  0.0000972945871432	349.7097200000000000
  0.0000974674481432	336.3575900000000200
  0.0000976403091432	334.5381600000000000
  0.0000978131701432	331.2591499999999800
  0.0000979860311432	331.1985000000000200
  0.0000981588921432	353.4374900000000300
  0.0000983317531432	348.1488100000000300
  0.0000985046141432	345.6383000000000200
  0.0000986774751432	345.6046000000000000
  0.0000988503361432	342.9765100000000200
  0.0000990231971432	328.7523499999999800
  0.0000991960581432	336.2290899999999900
  0.0000993689191432	338.7889599999999700
  0.0000995417801432	339.6639900000000100
  0.0000997146411432	346.0942200000000100
  0.0000998875021432	343.3642899999999800
  0.0001000603631432	334.4721099999999900
  0.0001002332241432	336.7045200000000000
  0.0001004060851432	334.5329199999999900
  0.0001005789461432	339.1935100000000000
  0.0001007518071432	338.4990500000000100
  0.0001009246681432	335.8144100000000100
  0.0001010975291432	345.1732900000000100
  0.0001012703901432	346.0655100000000200
  0.0001014432511432	351.7450700000000000
  0.0001016161121432	359.7233800000000200
  0.0001017889731432	356.5296900000000200
  0.0001019618341432	341.3054099999999900
  0.0001021346951432	333.1786200000000200
  0.0001023075561432	328.4645400000000000
  0.0001024804171432	330.8187600000000000
  0.0001026532781432	328.8052700000000100
  0.0001028261391432	327.0448799999999800
  0.0001029990001432	327.3124199999999700
  0.0001031718611432	325.9393900000000000
  0.0001033447221432	317.2596100000000100
  0.0001035175831432	321.5370399999999900
  0.0001036904441432	348.7190899999999900
  0.0001038633051432	343.0794900000000200
  0.0001040361661432	330.0706400000000300
  0.0001042090271432	328.3389000000000200
  0.0001043818881432	333.6686700000000200
  0.0001045547491432	333.9723500000000100
  0.0001047276101432	334.1824100000000000
  0.0001049004711432	338.2547099999999900
  0.0001050733321432	338.3318199999999900
  0.0001052461931432	338.8904299999999800
  0.0001054190541432	341.4676799999999700
  0.0001055919151432	338.1243000000000100
  0.0001057647761432	339.0468000000000200
  0.0001059376371432	334.0709200000000000
  0.0001061104981432	342.0516099999999800
  0.0001062833591432	338.0856099999999700
  0.0001064562201432	341.2142099999999800
  0.0001066290811432	343.9626500000000000
  0.0001068019421432	349.4959299999999900
  0.0001069748031432	341.7032699999999700
  0.0001071476641432	355.8199099999999900
  0.0001073205251432	359.5899400000000100
  0.0001074933861432	359.2163499999999800
  0.0001076662471432	360.7244299999999800
  0.0001078391081432	367.2569599999999900
  0.0001080119691432	371.4233199999999900
  0.0001081848301432	363.9571399999999800
  0.0001083576911432	347.8275400000000000
  0.0001085305521432	345.0600000000000000
  0.0001087034131432	332.4424300000000000
  0.0001088762741432	339.2057600000000000
  0.0001090491351432	339.0321500000000000
  0.0001092219961432	334.8623000000000000
  0.0001093948571432	338.6277099999999800
  0.0001095677181432	330.4436200000000100
  0.0001097405791432	371.5948799999999900
  0.0001099134401432	368.2233299999999800
  0.0001100863011432	363.1744299999999700
  0.0001102591621432	357.5917999999999800
  0.0001104320231432	364.3663599999999900
  0.0001106048841432	364.9961500000000000
  0.0001107777451432	363.5247800000000200
  0.0001109506061432	367.2219099999999800
  0.0001111234671432	364.8013399999999800
  0.0001112963281432	364.8374700000000000
  0.0001114691891432	359.7653199999999700
  0.0001116420501432	365.0882800000000000
  0.0001118149111432	371.9733200000000000
  0.0001119877721432	371.3404199999999900
  0.0001121606331432	360.6730400000000100
  0.0001123334941432	354.2691100000000100
  0.0001125063551432	361.9475100000000200
  0.0001126792161432	382.6479200000000000
  0.0001128520771432	377.2339799999999700
  0.0001130249381432	378.2158999999999800
  0.0001131977991432	382.2163899999999900
  0.0001133706601432	383.8037600000000100
  0.0001135435211432	377.0260000000000100
  0.0001137163821432	381.8702999999999900
  0.0001138892431432	351.5059800000000200
  0.0001140621041432	341.3502599999999900
  0.0001142349651432	345.3886299999999800
  0.0001144078261432	343.0973700000000100
  0.0001145806871432	341.8646200000000000
  0.0001147535481432	342.2207900000000200
  0.0001149264091432	342.6319500000000200
  0.0001150992701432	344.0901900000000100
  0.0001152721311432	336.1101899999999900
  0.0001154449921432	331.6977000000000000
  0.0001156178531432	332.6806900000000300
  0.0001157907141432	330.9469599999999900
  0.0001159635751432	377.9860400000000000
  0.0001161364361432	370.4765600000000100
  0.0001163092971432	365.5295699999999800
  0.0001164821581432	376.0192000000000100
  0.0001166550191432	375.4420299999999900
  0.0001168278801432	378.6198999999999700
  0.0001170007411432	380.9284099999999900
  0.0001171736021432	380.6568599999999900
  0.0001173464631432	373.0878799999999800
  0.0001175193241432	369.5435800000000200
  0.0001176921851432	365.3617100000000200
  0.0001178650461432	363.9653299999999900
  0.0001180379071432	360.6784599999999700
  0.0001182107681432	365.9275200000000200
  0.0001183836291432	370.8702299999999900
  0.0001185564901432	366.9744200000000100
  0.0001187293511432	370.3856599999999700
  0.0001189022121432	374.1889400000000000
  0.0001190750731432	369.0886100000000200
  0.0001192479341432	364.9313000000000200
  0.0001194207951432	361.1435500000000000
  0.0001195936561432	369.6166299999999900
  0.0001197665171432	365.9415500000000100
  0.0001199393781432	357.4574400000000200
  0.0001201122391432	353.8091900000000000
  0.0001202851001432	355.5998000000000200
  0.0001204579611432	358.5066800000000200
  0.0001206308221432	361.6569099999999800
  0.0001208036831432	357.3799300000000000
  0.0001209765441432	361.2722699999999900
  0.0001211494051432	349.8448799999999900
  0.0001213222661432	352.9902399999999700
  0.0001214951271432	347.4844100000000300
  0.0001216679881432	379.7610700000000200
  0.0001218408491432	384.5336100000000100
  0.0001220137101432	383.3860300000000100
  0.0001221865711432	379.6005900000000100
  0.0001223594321432	378.6613400000000000
  0.0001225322931432	379.0181099999999800
  0.0001227051541432	368.1548000000000200
  0.0001228780151432	365.3906499999999900
  0.0001230508761432	354.9902399999999700
  0.0001232237371432	355.1390700000000000
  0.0001233965981432	365.6331900000000100
  0.0001235694591432	361.2774200000000100
  0.0001237423201432	364.4653799999999800
  0.0001239151811432	349.8375399999999900
  0.0001240880421432	356.9181399999999900
  0.0001242609031432	363.8284499999999800
  0.0001244337641432	405.8142900000000300
  0.0001246066251432	404.2487199999999900
  0.0001247794861432	407.4138399999999900
  0.0001249523471432	407.5177100000000200
  0.0001251252081432	405.3704200000000200
  0.0001252980691432	395.0540100000000100
  0.0001254709301432	388.6959899999999900
  0.0001256437911432	388.2488799999999900
  0.0001258166521432	394.0621899999999900
  0.0001259895131432	396.6970800000000300
  0.0001261623741432	395.8374600000000200
  0.0001263352351432	391.2836300000000200
  0.0001265080961432	369.6939199999999900
  0.0001266809571432	369.8353200000000200
  0.0001268538181432	373.6094200000000000
  0.0001270266791432	359.5724200000000200
  0.0001271995401432	358.5492699999999800
  0.0001273724011432	331.5619500000000200
  0.0001275452621432	333.0286800000000100
  0.0001277181231432	336.1014299999999900
  0.0001278909841432	369.8424299999999800
  0.0001280638451432	372.5989500000000000
  0.0001282367061432	364.3331000000000000
  0.0001284095671432	357.2383500000000300
  0.0001285824281432	367.0675900000000000
  0.0001287552891432	364.8229099999999800
  0.0001289281501432	370.8892999999999900
  0.0001291010111432	351.4910499999999700
  0.0001292738721432	355.3432000000000200
  0.0001294467331432	347.9750500000000100
  0.0001296195941432	339.3600000000000100
  0.0001297924551432	337.5419999999999700
  0.0001299653161432	338.3825800000000200
  0.0001301381771432	333.6943099999999700
  0.0001303110381432	336.7115400000000100
  0.0001304838991432	324.2378200000000000
  0.0001306567601432	327.7547099999999900
  0.0001308296211432	362.0214899999999700
  0.0001310024821432	362.9395500000000000
  0.0001311753431432	367.6223100000000300
  0.0001313482041432	374.0013500000000000
  0.0001315210651432	363.3812899999999800
  0.0001316939261432	362.9846499999999900
  0.0001318667871432	365.2528199999999900
  0.0001320396481432	361.1311499999999900
  0.0001322125091432	364.6849000000000300
  0.0001323853701432	372.1331799999999800
  0.0001325582311432	348.1467400000000200
  0.0001327310921432	338.4898499999999900
  0.0001329039531432	338.1319399999999900
  0.0001330768141432	327.6305899999999800
  0.0001332496751432	318.2788400000000000
  0.0001334225361432	320.4617400000000200
  0.0001335953971432	318.1897700000000100
  0.0001337682581432	320.3028100000000200
  0.0001339411191432	322.2195699999999800
  0.0001341139801432	336.3594600000000100
  0.0001342868411432	326.9409099999999700
  0.0001344597021432	321.3537499999999900
  0.0001346325631432	322.7179499999999700
  0.0001348054241432	325.0983499999999800
  0.0001349782851432	324.7640500000000000
  0.0001351511461432	321.4260199999999900
  0.0001353240071432	315.1351599999999800
  0.0001354968681432	317.1832499999999900
  0.0001356697291432	321.2595200000000100
  0.0001358425901432	321.6398199999999900
  0.0001360154511432	326.2599700000000100
  0.0001361883121432	325.6129199999999700
  0.0001363611731432	305.5419299999999800
  0.0001365340341432	301.0453699999999900
  0.0001367068951432	303.4525699999999800
  0.0001368797561432	302.2786899999999800
  0.0001370526171432	296.1353100000000000
  0.0001372254781432	342.9613899999999900
  0.0001373983391432	335.3566900000000100
  0.0001375712001432	333.0319600000000300
  0.0001377440611432	341.9396300000000200
  0.0001379169221432	338.4171499999999900
  0.0001380897831432	334.2850300000000100
  0.0001382626441432	322.9739400000000300
  0.0001384355051432	320.3556300000000200
  0.0001386083661432	313.9383700000000200
  0.0001387812271432	319.4751000000000000
  0.0001389540881432	321.6095900000000300
  0.0001391269491432	325.2900300000000000
  0.0001392998101432	337.4893700000000100
  0.0001394726711432	339.7297800000000100
  0.0001396455321432	341.9359799999999700
  0.0001398183931432	320.8322000000000000
  0.0001399912541432	321.8733800000000000
  0.0001401641151432	321.8403599999999800
  0.0001403369761432	317.7402599999999800
  0.0001405098371432	338.0175699999999800
  0.0001406826981432	329.6916200000000000
  0.0001408555591432	331.9665900000000000
  0.0001410284201432	333.4162400000000200
  0.0001412012811432	335.1381900000000100
  0.0001413741421432	332.7293700000000200
  0.0001415470031432	337.8654100000000000
  0.0001417198641432	338.4354599999999800
  0.0001418927251432	373.8124300000000100
  0.0001420655861432	364.1531900000000000
  0.0001422384471432	352.0368700000000200
  0.0001424113081432	335.6798299999999800
  0.0001425841691432	332.3497199999999900
  0.0001427570301432	330.4712000000000100
  0.0001429298911432	338.0543000000000100
  0.0001431027521432	341.8289700000000300
  0.0001432756131432	352.3548999999999900
  0.0001434484741432	353.5192099999999900
  0.0001436213351432	357.6802400000000300
  0.0001437941961432	346.5953500000000000
  0.0001439670571432	341.2550800000000200
  0.0001441399181432	348.8530299999999900
  0.0001443127791432	329.1743500000000000
  0.0001444856401432	321.8458900000000000
  0.0001446585011432	305.5683500000000100
  0.0001448313621432	308.9544200000000300
  0.0001450042231432	309.1449900000000100
  0.0001451770841432	308.8182400000000000
  0.0001453499451432	314.5860599999999700
  0.0001455228061432	315.9795700000000200
  0.0001456956671432	308.7867299999999800
  0.0001458685281432	295.7647700000000000
  0.0001460413891432	300.2755300000000000
  0.0001462142501432	328.7816799999999900
  0.0001463871111432	324.6553099999999900
  0.0001465599721432	326.3389399999999800
  0.0001467328331432	358.3459800000000000
  0.0001469056941432	360.3261499999999800
  0.0001470785551432	358.7379000000000200
  0.0001472514161432	358.9517900000000200
  0.0001474242771432	352.2058200000000200
  0.0001475971381432	356.4131499999999700
  0.0001477699991432	376.5979899999999800
  0.0001479428601432	377.7302399999999800
  0.0001481157211432	358.1186999999999900
  0.0001482885821432	359.7439100000000300
  0.0001484614431432	360.9363599999999800
  0.0001486343041432	363.3194599999999900
  0.0001488071651432	363.9304200000000300
  0.0001489800261432	358.8713799999999900
  0.0001491528871432	359.9250500000000000
  0.0001493257481432	364.6143599999999800
  0.0001494986091432	363.7592200000000300
  0.0001496714701432	368.6592000000000000
  0.0001498443311432	352.3847700000000000
  0.0001500171921432	355.2062199999999700
  0.0001501900531432	350.8281299999999900
  0.0001503629141432	348.3635499999999800
  0.0001505357751432	349.3140200000000300
  0.0001507086361432	332.1818500000000000
  0.0001508814971432	297.2941799999999800
  0.0001510543581432	300.1057999999999900
  0.0001512272191432	281.9491400000000000
  0.0001514000801432	280.6274399999999800
  0.0001515729411432	350.8645200000000300
  0.0001517458021432	338.1742699999999800
  0.0001519186631432	335.5085300000000100
  0.0001520915241432	333.7479700000000100
  0.0001522643851432	346.9964100000000300
  0.0001524372461432	346.3427600000000000
  0.0001526101071432	345.9255299999999800
  0.0001527829681432	347.0862399999999800
  0.0001529558291432	377.4146799999999800
  0.0001531286901432	367.2415300000000100
  0.0001533015511432	362.0972499999999700
  0.0001534744121432	362.7360600000000100
  0.0001536472731432	357.8021200000000000
  0.0001538201341432	355.7454399999999700
  0.0001539929951432	343.0676199999999800
  0.0001541658561432	338.3999800000000300
  0.0001543387171432	341.9112000000000100
  0.0001545115781432	346.4068300000000100
  0.0001546844391432	337.4913100000000000
  0.0001548573001432	334.5878500000000000
  0.0001550301611432	335.8480500000000000
  0.0001552030221432	329.9020199999999900
  0.0001553758831432	351.6080499999999900
  0.0001555487441432	349.7172200000000000
  0.0001557216051432	343.1377400000000100
  0.0001558944661432	353.2251999999999700
  0.0001560673271432	348.7998299999999900
  0.0001562401881432	356.5562800000000200
  0.0001564130491432	348.5695799999999700
  0.0001565859101432	354.9078400000000200
  0.0001567587711432	342.9993299999999900
  0.0001569316321432	336.6639299999999900
  0.0001571044931432	325.9608499999999900
  0.0001572773541432	314.3581300000000200
  0.0001574502151432	316.0704900000000100
  0.0001576230761432	309.8151500000000200
  0.0001577959371432	313.1487500000000100
  0.0001579687981432	308.2430699999999900
  0.0001581416591432	336.8069699999999800
  0.0001583145201432	331.7054099999999700
  0.0001584873811432	334.2855900000000100
  0.0001586602421432	335.7106099999999700
  0.0001588331031432	332.9528000000000200
  0.0001590059641432	330.8728400000000000
  0.0001591788251432	334.7812400000000300
  0.0001593516861432	338.2736699999999800
  0.0001595245471432	331.0012400000000000
  0.0001596974081432	320.7040999999999800
  0.0001598702691432	308.1040600000000000
  0.0001600431301432	312.3481100000000200
  0.0001602159911432	315.0334199999999800
  0.0001603888521432	316.8735100000000100
  0.0001605617131432	315.8951200000000200
  0.0001607345741432	310.9720300000000200
  0.0001609074351432	313.3198600000000100
  0.0001610802961432	318.2590400000000300
  0.0001612531571432	340.6733800000000100
  0.0001614260181432	333.3984300000000200
  0.0001615988791432	331.4741799999999900
  0.0001617717401432	324.9619300000000000
  0.0001619446011432	321.1230300000000300
  0.0001621174621432	317.8085399999999900
  0.0001622903231432	312.1823699999999900
  0.0001624631841432	308.5845400000000000
  0.0001626360451432	306.8253399999999800
  0.0001628089061432	307.8066799999999700
  0.0001629817671432	307.8585299999999700
  0.0001631546281432	311.7364000000000000
  0.0001633274891432	311.0437699999999900
  0.0001635003501432	308.3461100000000100
  0.0001636732111432	314.5868500000000300
  0.0001638460721432	308.1260500000000200
  0.0001640189331432	304.1609500000000100
  0.0001641917941432	308.7432200000000100
  0.0001643646551432	313.7186800000000100
  0.0001645375161432	316.8929099999999700
  0.0001647103771432	305.9370400000000200
  0.0001648832381432	302.9706100000000200
  0.0001650560991432	331.0892799999999700
  0.0001652289601432	325.8254000000000000
  0.0001654018211432	323.4700700000000200
  0.0001655746821432	307.5261400000000000
  0.0001657475431432	303.7876400000000100
  0.0001659204041432	306.1523399999999800
  0.0001660932651432	306.8985500000000000
  0.0001662661261432	294.0946599999999800
  0.0001664389871432	300.4623100000000000
  0.0001666118481432	308.7106400000000100
  0.0001667847091432	331.8286200000000000
  0.0001669575701432	335.7693800000000100
  0.0001671304311432	341.7327700000000200
  0.0001673032921432	340.0853999999999900
  0.0001674761531432	344.2488399999999700
  0.0001676490141432	344.1623399999999700
  0.0001678218751432	329.9250599999999700
  0.0001679947361432	330.6851600000000000
  0.0001681675971432	337.0403400000000100
  0.0001683404581432	337.6509500000000200
  0.0001685133191432	318.9345099999999900
  0.0001686861801432	310.0208099999999800
  0.0001688590411432	317.1659200000000300
  0.0001690319021432	313.8396099999999900
  0.0001692047631432	317.7618499999999800
  0.0001693776241432	323.4582100000000100
  0.0001695504851432	305.7641199999999900
  0.0001697233461432	310.5317000000000000
  0.0001698962071432	313.5071600000000000
  0.0001700690681432	303.5813699999999900
  0.0001702419291432	303.7764199999999700
  0.0001704147901432	293.7886199999999800
  0.0001705876511432	298.2603500000000200
  0.0001707605121432	294.5857899999999700
  0.0001709333731432	318.6427899999999900
  0.0001711062341432	304.4408599999999900
  0.0001712790951432	293.8227699999999900
  0.0001714519561432	293.9974100000000000
  0.0001716248171432	300.5332199999999700
  0.0001717976781432	294.9696400000000300
  0.0001719705391432	295.1995999999999800
  0.0001721434001432	302.6197599999999900
  0.0001723162611432	305.2035200000000300
  0.0001724891221432	300.1495699999999800
  0.0001726619831432	303.0873199999999800
  0.0001728348441432	300.5320500000000300
  0.0001730077051432	345.0574399999999900
